"30 x 25" 0.133647 
"25 x 25" 0.119315 
"20 x 20" 0.073281 
"15 x 15" 0.047173 
"10 x 10" 0.018894 
"5 x 10" 0.011370 
"5 x 5" 0.006843 




mode 30x25    25x25    20x20    15x15    10x10    5x10    5x5     
0    0.322082 0.326456 0.395695 0.486312 0.622855 0.626288 0.809147 
1    0.251203 0.254737 0.283022 0.297807 0.280451 0.282092 0.174919 
2    0.169540 0.172036 0.164475 0.133302 0.075537 0.076008 0.013116 
3    0.098204 0.099728 0.077279 0.043538 0.011854 0.011932 0.002265 
4    0.048796 0.049598 0.029341 0.013385 0.005260 0.001752 0.000490 
5    0.029587 0.023912 0.016122 0.010254 0.002378 0.000862 0.000036 
6    0.023083 0.021161 0.011553 0.008219 0.000856 0.000792 0.000021 
7    0.020800 0.018673 0.008955 0.003689 0.000639 0.000213 0.000005 
8    0.015591 0.012627 0.006730 0.001585 0.000096 0.000032 0.000000 
9    0.009038 0.007719 0.003166 0.001201 0.000042 0.000016 0.000000 
