srw_EBS_25x25 0.219611 
wofry_EBS_25x25 0.224022 
wofry_EBS_15x15 0.088587 
srw_LB_25x25 0.019937 
wofry_LB_25x25 0.007614 
wofry_LB_15x15 0.003662 
srw_HB_25x25 0.024684 
wofry_HB_25x25 0.008294 
wofry_HB_15x15 0.003036 




mode srw_EBS_25x25    wofry_EBS_25x25    wofry_EBS_15x15    srw_LB_25x25    wofry_LB_25x25    wofry_LB_15x15    srw_HB_25x25    wofry_HB_25x25    wofry_HB_15x15     
0    0.379026 0.372023 0.545940 0.253334 0.589777 0.613901 0.157381 0.471209 0.738830 
1    0.272409 0.289700 0.324920 0.220428 0.335156 0.239753 0.149129 0.369099 0.241432 
2    0.159575 0.191130 0.100238 0.175809 0.070007 0.093250 0.136002 0.145513 0.019460 
3    0.076170 0.089684 0.013151 0.131105 0.003399 0.041763 0.118794 0.013468 0.000280 
4    0.030560 0.024097 0.012264 0.085684 0.001549 0.009920 0.100397 0.000699 -0.000004 
5    0.025087 0.015906 0.002776 0.037786 0.000100 0.001281 0.078979 0.000010 0.000002 
6    0.018019 0.012248 0.000431 0.023211 0.000007 0.000127 0.060905 0.000002 0.000000 
7    0.010581 0.003487 0.000270 0.020192 0.000004 0.000003 0.045022 0.000000 0.000000 
8    0.009855 0.001680 0.000009 0.016090 0.000001 0.000002 0.031512 0.000000 0.000000 
9    0.005052 0.000045 0.000001 0.011853 0.000000 0.000000 0.020235 0.000000 0.000000 
