-0.55	-0.362936
-0.549	-0.362859
-0.548	-0.362782
-0.547	-0.362704
-0.546	-0.362627
-0.545	-0.36255
-0.544	-0.362473
-0.543	-0.362396
-0.542	-0.362319
-0.541	-0.362242
-0.54	-0.362165
-0.539	-0.362088
-0.538	-0.362011
-0.537	-0.361934
-0.536	-0.361857
-0.535	-0.36178
-0.534	-0.361703
-0.533	-0.361626
-0.532	-0.361548
-0.531	-0.361471
-0.53	-0.361394
-0.529	-0.361317
-0.528	-0.36124
-0.527	-0.361163
-0.526	-0.361086
-0.525	-0.361009
-0.524	-0.360932
-0.523	-0.360855
-0.522	-0.360778
-0.521	-0.360701
-0.52	-0.360624
-0.519	-0.360547
-0.518	-0.36047
-0.517	-0.360392
-0.516	-0.360315
-0.515	-0.360238
-0.514	-0.360161
-0.513	-0.360084
-0.512	-0.360007
-0.511	-0.35993
-0.51	-0.359853
-0.509	-0.359776
-0.508	-0.359699
-0.507	-0.359622
-0.506	-0.359545
-0.505	-0.359468
-0.504	-0.359391
-0.503	-0.359314
-0.502	-0.359237
-0.501	-0.35916
-0.5	-0.359082
-0.499	-0.359005
-0.498	-0.358928
-0.497	-0.358851
-0.496	-0.358774
-0.495	-0.358697
-0.494	-0.35862
-0.493	-0.358543
-0.492	-0.358466
-0.491	-0.358389
-0.49	-0.358312
-0.489	-0.358235
-0.488	-0.358158
-0.487	-0.358081
-0.486	-0.358004
-0.485	-0.357927
-0.484	-0.35785
-0.483	-0.357773
-0.482	-0.357695
-0.481	-0.357618
-0.48	-0.357541
-0.479	-0.357464
-0.478	-0.357387
-0.477	-0.35731
-0.476	-0.357233
-0.475	-0.357156
-0.474	-0.357079
-0.473	-0.357002
-0.472	-0.356925
-0.471	-0.356848
-0.47	-0.356771
-0.469	-0.356694
-0.468	-0.356617
-0.467	-0.35654
-0.466	-0.356463
-0.465	-0.356386
-0.464	-0.356309
-0.463	-0.356232
-0.462	-0.356155
-0.461	-0.356078
-0.46	-0.356
-0.459	-0.355923
-0.458	-0.355846
-0.457	-0.355769
-0.456	-0.355692
-0.455	-0.355615
-0.454	-0.355538
-0.453	-0.355461
-0.452	-0.355384
-0.451	-0.355307
-0.45	-0.35523
-0.449	-0.355153
-0.448	-0.355076
-0.447	-0.354999
-0.446	-0.354922
-0.445	-0.354845
-0.444	-0.354768
-0.443	-0.354691
-0.442	-0.354614
-0.441	-0.354537
-0.44	-0.35446
-0.439	-0.354383
-0.438	-0.354306
-0.437	-0.354229
-0.436	-0.354152
-0.435	-0.354075
-0.434	-0.353998
-0.433	-0.353921
-0.432	-0.353844
-0.431	-0.353767
-0.43	-0.353689
-0.429	-0.353612
-0.428	-0.353535
-0.427	-0.353458
-0.426	-0.353381
-0.425	-0.353304
-0.424	-0.353227
-0.423	-0.35315
-0.422	-0.353073
-0.421	-0.352996
-0.42	-0.352919
-0.419	-0.352842
-0.418	-0.352765
-0.417	-0.352688
-0.416	-0.352611
-0.415	-0.352534
-0.414	-0.352457
-0.413	-0.35238
-0.412	-0.352303
-0.411	-0.352226
-0.41	-0.352149
-0.409	-0.352072
-0.408	-0.351995
-0.407	-0.351918
-0.406	-0.351841
-0.405	-0.351764
-0.404	-0.351687
-0.403	-0.35161
-0.402	-0.351533
-0.401	-0.351456
-0.4	-0.351379
-0.399	-0.351302
-0.398	-0.351225
-0.397	-0.351148
-0.396	-0.351071
-0.395	-0.350994
-0.394	-0.350917
-0.393	-0.35084
-0.392	-0.350763
-0.391	-0.350686
-0.39	-0.350609
-0.389	-0.350532
-0.388	-0.350455
-0.387	-0.350378
-0.386	-0.350301
-0.385	-0.350224
-0.384	-0.350147
-0.383	-0.35007
-0.382	-0.349993
-0.381	-0.349916
-0.38	-0.349839
-0.379	-0.349762
-0.378	-0.349686
-0.377	-0.349609
-0.376	-0.349532
-0.375	-0.349455
-0.374	-0.349378
-0.373	-0.349301
-0.372	-0.349224
-0.371	-0.349147
-0.37	-0.34907
-0.369	-0.348993
-0.368	-0.348916
-0.367	-0.348839
-0.366	-0.348762
-0.365	-0.348685
-0.364	-0.348608
-0.363	-0.348531
-0.362	-0.348454
-0.361	-0.348377
-0.36	-0.3483
-0.359	-0.348223
-0.358	-0.348147
-0.357	-0.34807
-0.356	-0.347993
-0.355	-0.347916
-0.354	-0.347839
-0.353	-0.347762
-0.352	-0.347685
-0.351	-0.347608
-0.35	-0.347531
-0.349	-0.347454
-0.348	-0.347377
-0.347	-0.3473
-0.346	-0.347224
-0.345	-0.347147
-0.344	-0.34707
-0.343	-0.346993
-0.342	-0.346916
-0.341	-0.346839
-0.34	-0.346762
-0.339	-0.346685
-0.338	-0.346608
-0.337	-0.346531
-0.336	-0.346455
-0.335	-0.346378
-0.334	-0.346301
-0.333	-0.346224
-0.332	-0.346147
-0.331	-0.34607
-0.33	-0.345993
-0.329	-0.345917
-0.328	-0.34584
-0.327	-0.345763
-0.326	-0.345686
-0.325	-0.345609
-0.324	-0.345532
-0.323	-0.345456
-0.322	-0.345379
-0.321	-0.345302
-0.32	-0.345225
-0.319	-0.345148
-0.318	-0.345071
-0.317	-0.344995
-0.316	-0.344918
-0.315	-0.344841
-0.314	-0.344764
-0.313	-0.344687
-0.312	-0.344611
-0.311	-0.344534
-0.31	-0.344457
-0.309	-0.34438
-0.308	-0.344304
-0.307	-0.344227
-0.306	-0.34415
-0.305	-0.344073
-0.304	-0.343997
-0.303	-0.34392
-0.302	-0.343843
-0.301	-0.343766
-0.3	-0.34369
-0.299	-0.343613
-0.298	-0.343536
-0.297	-0.343459
-0.296	-0.343383
-0.295	-0.343306
-0.294	-0.343229
-0.293	-0.343153
-0.292	-0.343076
-0.291	-0.342999
-0.29	-0.342923
-0.289	-0.342846
-0.288	-0.342769
-0.287	-0.342693
-0.286	-0.342616
-0.285	-0.34254
-0.284	-0.342463
-0.283	-0.342386
-0.282	-0.34231
-0.281	-0.342233
-0.28	-0.342157
-0.279	-0.34208
-0.278	-0.342003
-0.277	-0.341927
-0.276	-0.34185
-0.275	-0.341774
-0.274	-0.341697
-0.273	-0.341621
-0.272	-0.341544
-0.271	-0.341468
-0.27	-0.341391
-0.269	-0.341315
-0.268	-0.341238
-0.267	-0.341162
-0.266	-0.341085
-0.265	-0.341009
-0.264	-0.340933
-0.263	-0.340856
-0.262	-0.34078
-0.261	-0.340703
-0.26	-0.340627
-0.259	-0.340551
-0.258	-0.340474
-0.257	-0.340398
-0.256	-0.340322
-0.255	-0.340245
-0.254	-0.340169
-0.253	-0.340093
-0.252	-0.340017
-0.251	-0.33994
-0.25	-0.339864
-0.249	-0.339788
-0.248	-0.339712
-0.247	-0.339635
-0.246	-0.339559
-0.245	-0.339483
-0.244	-0.339407
-0.243	-0.339331
-0.242	-0.339255
-0.241	-0.339179
-0.24	-0.339103
-0.239	-0.339027
-0.238	-0.338951
-0.237	-0.338875
-0.236	-0.338799
-0.235	-0.338723
-0.234	-0.338647
-0.233	-0.338571
-0.232	-0.338495
-0.231	-0.338419
-0.23	-0.338343
-0.229	-0.338268
-0.228	-0.338192
-0.227	-0.338116
-0.226	-0.33804
-0.225	-0.337965
-0.224	-0.337889
-0.223	-0.337813
-0.222	-0.337738
-0.221	-0.337662
-0.22	-0.337587
-0.219	-0.337511
-0.218	-0.337436
-0.217	-0.33736
-0.216	-0.337285
-0.215	-0.337209
-0.214	-0.337134
-0.213	-0.337059
-0.212	-0.336983
-0.211	-0.336908
-0.21	-0.336833
-0.209	-0.336758
-0.208	-0.336683
-0.207	-0.336608
-0.206	-0.336532
-0.205	-0.336457
-0.204	-0.336383
-0.203	-0.336308
-0.202	-0.336167
-0.201	-0.336004
-0.2	-0.335842
-0.199	-0.33568
-0.198	-0.335517
-0.197	-0.335268
-0.196	-0.334983
-0.195	-0.334699
-0.194	-0.334414
-0.193	-0.334129
-0.192	-0.333423
-0.191	-0.332503
-0.19	-0.331583
-0.189	-0.330664
-0.188	-0.329745
-0.187	-0.327416
-0.186	-0.324224
-0.185	-0.321033
-0.184	-0.317845
-0.183	-0.314657
-0.182	-0.309351
-0.181	-0.302492
-0.18	-0.295635
-0.179	-0.288781
-0.178	-0.281931
-0.177	-0.273217
-0.176	-0.262869
-0.175	-0.252526
-0.174	-0.242188
-0.173	-0.231854
-0.172	-0.220982
-0.171	-0.209547
-0.17	-0.198118
-0.169	-0.186694
-0.168	-0.175275
-0.167	-0.164903
-0.166	-0.155834
-0.165	-0.14677
-0.164	-0.13771
-0.163	-0.128655
-0.162	-0.120591
-0.161	-0.114004
-0.16	-0.107419
-0.159	-0.100838
-0.158	-0.0942607
-0.157	-0.0884705
-0.156	-0.0840931
-0.155	-0.0797178
-0.154	-0.0753447
-0.153	-0.0709737
-0.152	-0.0670588
-0.151	-0.0641394
-0.15	-0.0612215
-0.149	-0.0583051
-0.148	-0.0553901
-0.147	-0.0527126
-0.146	-0.050675
-0.145	-0.0486384
-0.144	-0.046603
-0.143	-0.0445686
-0.142	-0.0426522
-0.141	-0.0411376
-0.14	-0.0396238
-0.139	-0.0381109
-0.138	-0.0365988
-0.137	-0.0351511
-0.136	-0.03399
-0.135	-0.0328296
-0.134	-0.0316698
-0.133	-0.0305107
-0.132	-0.029389
-0.131	-0.0284971
-0.13	-0.0276056
-0.129	-0.0267147
-0.128	-0.0258243
-0.127	-0.0249518
-0.126	-0.0242476
-0.125	-0.0235437
-0.124	-0.0228402
-0.123	-0.022137
-0.122	-0.0214407
-0.121	-0.0208675
-0.12	-0.0202946
-0.119	-0.0197219
-0.118	-0.0191494
-0.117	-0.0185777
-0.116	-0.0181032
-0.115	-0.0176287
-0.114	-0.0171543
-0.113	-0.0166798
-0.112	-0.0162054
-0.111	-0.0158118
-0.11	-0.0154213
-0.109	-0.0150305
-0.108	-0.0146394
-0.107	-0.0142481
-0.106	-0.0139137
-0.105	-0.0135839
-0.104	-0.0132535
-0.103	-0.0129225
-0.102	-0.0125909
-0.101	-0.0123008
-0.1	-0.0120158
-0.099	-0.0117299
-0.098	-0.0114428
-0.097	-0.0111545
-0.096	-0.0108971
-0.095	-0.0106447
-0.094	-0.0103907
-0.093	-0.0101348
-0.092	-0.00987701
-0.091	-0.00964557
-0.09	-0.00941948
-0.089	-0.00919082
-0.088	-0.0089594
-0.087	-0.008725
-0.086	-0.0085077
-0.085	-0.00829393
-0.084	-0.00807645
-0.083	-0.007855
-0.082	-0.00762931
-0.081	-0.00740267
-0.08	-0.00717278
-0.079	-0.00693781
-0.078	-0.00669751
-0.077	-0.0064516
-0.076	-0.00623143
-0.075	-0.00602172
-0.074	-0.00580567
-0.073	-0.00558311
-0.072	-0.00535391
-0.071	-0.00512579
-0.07	-0.00489594
-0.069	-0.00465955
-0.068	-0.00441692
-0.067	-0.0041685
-0.066	-0.00392145
-0.065	-0.00367515
-0.064	-0.00342595
-0.063	-0.00317556
-0.062	-0.00292616
-0.061	-0.00268598
-0.06	-0.00245809
-0.059	-0.00224216
-0.058	-0.00204387
-0.057	-0.00187027
-0.056	-0.00173458
-0.055	-0.001648
-0.054	-0.00161909
-0.053	-0.00166429
-0.052	-0.00180371
-0.051	-0.00206554
-0.05	-0.00248079
-0.049	-0.00308121
-0.048	-0.00391093
-0.047	-0.00502317
-0.046	-0.00648488
-0.045	-0.00837415
-0.044	-0.0107775
-0.043	-0.0138021
-0.042	-0.0175738
-0.041	-0.02224
-0.04	-0.027969
-0.039	-0.0349435
-0.038	-0.0433706
-0.037	-0.0534746
-0.036	-0.0654949
-0.035	-0.0796781
-0.034	-0.0962632
-0.033	-0.115483
-0.032	-0.137551
-0.031	-0.162648
-0.03	-0.190919
-0.029	-0.222445
-0.028	-0.257245
-0.027	-0.295252
-0.026	-0.336285
-0.025	-0.380024
-0.024	-0.425961
-0.023	-0.473383
-0.022	-0.521353
-0.021	-0.568742
-0.02	-0.614314
-0.019	-0.656853
-0.018	-0.695339
-0.017	-0.729075
-0.016	-0.757765
-0.015	-0.781497
-0.014	-0.800648
-0.013	-0.81578
-0.012	-0.827528
-0.011	-0.836516
-0.01	-0.843315
-0.009	-0.848403
-0.008	-0.852174
-0.007	-0.854941
-0.006	-0.856947
-0.005	-0.858384
-0.004	-0.859391
-0.003	-0.860072
-0.002	-0.860502
-0.001	-0.860728
0	-0.860785
0.001	-0.860678
0.002	-0.860397
0.003	-0.859915
0.004	-0.85918
0.005	-0.858122
0.006	-0.856635
0.007	-0.854575
0.008	-0.851754
0.009	-0.847928
0.01	-0.842788
0.011	-0.835938
0.012	-0.826894
0.013	-0.815091
0.014	-0.799904
0.015	-0.780699
0.016	-0.756914
0.017	-0.728167
0.018	-0.694374
0.019	-0.655831
0.02	-0.613236
0.021	-0.567608
0.022	-0.520161
0.023	-0.472131
0.024	-0.42465
0.025	-0.378654
0.026	-0.334856
0.027	-0.293761
0.028	-0.255692
0.029	-0.220829
0.03	-0.189241
0.031	-0.160909
0.032	-0.135745
0.033	-0.113611
0.034	-0.0943239
0.035	-0.0776727
0.036	-0.0634238
0.037	-0.0513336
0.038	-0.0411578
0.039	-0.0326589
0.04	-0.0256134
0.041	-0.0198138
0.042	-0.0150725
0.043	-0.0112236
0.044	-0.00812151
0.045	-0.00564145
0.046	-0.00367582
0.047	-0.00213322
0.048	-0.00093713
0.049	-2.35E-05
0.05	0.000660246
0.051	0.00115847
0.052	0.00150796
0.053	0.00173868
0.054	0.00187523
0.055	0.00193726
0.056	0.00194122
0.057	0.00190089
0.058	0.00182713
0.059	0.00172871
0.06	0.00161232
0.061	0.00148361
0.062	0.00134752
0.063	0.00120763
0.064	0.0010668
0.065	0.000926901
0.066	0.000789548
0.067	0.000656418
0.068	0.000528457
0.069	0.000406338
0.07	0.000290274
0.071	0.000180403
0.072	7.73E-05
0.073	-1.91E-05
0.074	-0.000108857
0.075	-0.000192185
0.076	-0.000269488
0.077	-0.000340603
0.078	-0.000405772
0.079	-0.00046525
0.08	-0.000519459
0.081	-0.00056888
0.082	-0.000613434
0.083	-0.000653397
0.084	-0.000689042
0.085	-0.00072075
0.086	-0.000749002
0.087	-0.000773709
0.088	-0.000795107
0.089	-0.000813426
0.09	-0.00082897
0.091	-0.000842182
0.092	-0.000852935
0.093	-0.000861414
0.094	-0.000867794
0.095	-0.0008723
0.096	-0.000875332
0.097	-0.000876729
0.098	-0.000876627
0.099	-0.000875152
0.1	-0.000872462
0.101	-0.00086892
0.102	-0.000864337
0.103	-0.00085881
0.104	-0.000852427
0.105	-0.000845296
0.106	-0.000837743
0.107	-0.000829567
0.108	-0.000820832
0.109	-0.000811602
0.11	-0.00080194
0.111	-0.000792148
0.112	-0.000782017
0.113	-0.00077159
0.114	-0.000760909
0.115	-0.000750012
0.116	-0.00073917
0.117	-0.00072818
0.118	-0.000717068
0.119	-0.000705862
0.12	-0.000694586
0.121	-0.000683466
0.122	-0.000672329
0.123	-0.000661182
0.124	-0.000650044
0.125	-0.000638928
0.126	-0.000628022
0.127	-0.000617185
0.128	-0.000606407
0.129	-0.000595699
0.13	-0.00058507
0.131	-0.000574677
0.132	-0.000564402
0.133	-0.000554227
0.134	-0.000544158
0.135	-0.0005342
0.136	-0.000524484
0.137	-0.000514914
0.138	-0.000505466
0.139	-0.000496142
0.14	-0.000486943
0.141	-0.00047798
0.142	-0.000469178
0.143	-0.000460505
0.144	-0.000451963
0.145	-0.000443551
0.146	-0.000435362
0.147	-0.000427337
0.148	-0.000419443
0.149	-0.000411678
0.15	-0.000404043
0.151	-0.000396612
0.152	-0.000389344
0.153	-0.000382201
0.154	-0.000375184
0.155	-0.000368289
0.156	-0.000361581
0.157	-0.000355029
0.158	-0.000348596
0.159	-0.000342279
0.16	-0.000336078
0.161	-0.000330044
0.162	-0.000324159
0.163	-0.000318384
0.164	-0.000312716
0.165	-0.000307155
0.166	-0.000301743
0.167	-0.00029647
0.168	-0.000291297
0.169	-0.000286224
0.17	-0.000281247
0.171	-0.000276402
0.172	-0.000271686
0.173	-0.000267062
0.174	-0.000262527
0.175	-0.00025808
0.176	-0.00025375
0.177	-0.000249538
0.178	-0.00024541
0.179	-0.000241362
0.18	-0.000237392
0.181	-0.000233526
0.182	-0.000229769
0.183	-0.000226086
0.184	-0.000222475
0.185	-0.000218936
0.186	-0.000215486
0.187	-0.000212137
0.188	-0.000208854
0.189	-0.000205636
0.19	-0.000202481
0.191	-0.000199405
0.192	-0.000196421
0.193	-0.000193496
0.194	-0.000190629
0.195	-0.000187819
0.196	-0.000185077
0.197	-0.00018242
0.198	-0.000179815
0.199	-0.000177263
0.2	-0.000174761
0.201	-0.000172318
0.202	-0.000169952
0.203	-0.000167634
0.204	-0.000165361
0.205	-0.000163134
0.206	-0.000160958
0.207	-0.000158853
0.208	-0.00015679
0.209	-0.000154768
0.21	-0.000152787
0.211	-0.00015085
0.212	-0.000148977
0.213	-0.000147142
0.214	-0.000145344
0.215	-0.000143582
0.216	-0.000141858
0.217	-0.000140193
0.218	-0.000138562
0.219	-0.000136963
0.22	-0.000135397
0.221	-0.000133863
0.222	-0.000132384
0.223	-0.000130935
0.224	-0.000129515
0.225	-0.000128123
0.226	-0.000126761
0.227	-0.000125447
0.228	-0.00012416
0.229	-0.0001229
0.23	-0.000121665
0.231	-0.000120455
0.232	-0.00011929
0.233	-0.000118148
0.234	-0.000117031
0.235	-0.000115936
0.236	-0.000114863
0.237	-0.00011383
0.238	-0.000112819
0.239	-0.000111829
0.24	-0.000110859
0.241	-0.00010991
0.242	-0.000108995
0.243	-0.0001081
0.244	-0.000107225
0.245	-0.000106368
0.246	-0.000105529
0.247	-0.00010472
0.248	-0.00010393
0.249	-0.000103158
0.25	-0.000102401
0.251	-0.000101661
0.252	-0.000100948
0.253	-0.000100252
0.254	-9.96E-05
0.255	-9.89E-05
0.256	-9.83E-05
0.257	-9.76E-05
0.258	-9.70E-05
0.259	-9.64E-05
0.26	-9.58E-05
0.261	-9.53E-05
0.262	-9.47E-05
0.263	-9.42E-05
0.264	-9.37E-05
0.265	-9.31E-05
0.266	-9.26E-05
0.267	-9.22E-05
0.268	-9.17E-05
0.269	-9.12E-05
0.27	-9.08E-05
0.271	-9.04E-05
0.272	-8.99E-05
0.273	-8.95E-05
0.274	-8.91E-05
0.275	-8.88E-05
0.276	-8.84E-05
0.277	-8.80E-05
0.278	-8.77E-05
0.279	-8.73E-05
0.28	-8.70E-05
0.281	-8.67E-05
0.282	-8.64E-05
0.283	-8.61E-05
0.284	-8.58E-05
0.285	-8.55E-05
0.286	-8.52E-05
0.287	-8.50E-05
0.288	-8.48E-05
0.289	-8.46E-05
0.29	-8.44E-05
0.291	-8.42E-05
0.292	-8.41E-05
0.293	-8.39E-05
0.294	-8.37E-05
0.295	-8.36E-05
0.296	-8.35E-05
0.297	-8.33E-05
0.298	-8.32E-05
0.299	-8.31E-05
0.3	-8.29E-05
0.301	-8.28E-05
0.302	-8.27E-05
0.303	-8.26E-05
0.304	-8.25E-05
0.305	-8.24E-05
0.306	-8.24E-05
0.307	-8.23E-05
0.308	-8.22E-05
0.309	-8.21E-05
0.31	-8.21E-05
0.311	-8.20E-05
0.312	-8.20E-05
0.313	-8.19E-05
0.314	-8.19E-05
0.315	-8.18E-05
0.316	-8.18E-05
0.317	-8.17E-05
0.318	-8.17E-05
0.319	-8.17E-05
0.32	-8.17E-05
0.321	-8.17E-05
0.322	-8.17E-05
0.323	-8.16E-05
0.324	-8.16E-05
0.325	-8.16E-05
0.326	-8.16E-05
0.327	-8.17E-05
0.328	-8.17E-05
0.329	-8.17E-05
0.33	-8.17E-05
0.331	-8.17E-05
0.332	-8.17E-05
0.333	-8.18E-05
0.334	-8.18E-05
0.335	-8.18E-05
0.336	-8.19E-05
0.337	-8.19E-05
0.338	-8.20E-05
0.339	-8.20E-05
0.34	-8.21E-05
0.341	-8.21E-05
0.342	-8.22E-05
0.343	-8.22E-05
0.344	-8.23E-05
0.345	-8.23E-05
0.346	-8.24E-05
0.347	-8.25E-05
0.348	-8.25E-05
0.349	-8.26E-05
0.35	-8.27E-05
0.351	-8.28E-05
0.352	-8.29E-05
0.353	-8.29E-05
0.354	-8.30E-05
0.355	-8.31E-05
0.356	-8.32E-05
0.357	-8.33E-05
0.358	-8.34E-05
0.359	-8.35E-05
0.36	-8.36E-05
0.361	-8.37E-05
0.362	-8.38E-05
0.363	-8.39E-05
0.364	-8.40E-05
0.365	-8.41E-05
0.366	-8.42E-05
0.367	-8.43E-05
0.368	-8.44E-05
0.369	-8.46E-05
0.37	-8.47E-05
0.371	-8.48E-05
0.372	-8.49E-05
0.373	-8.50E-05
0.374	-8.52E-05
0.375	-8.53E-05
0.376	-8.54E-05
0.377	-8.56E-05
0.378	-8.57E-05
0.379	-8.58E-05
0.38	-8.60E-05
0.381	-8.61E-05
0.382	-8.62E-05
0.383	-8.64E-05
0.384	-8.65E-05
0.385	-8.66E-05
0.386	-8.68E-05
0.387	-8.69E-05
0.388	-8.71E-05
0.389	-8.72E-05
0.39	-8.74E-05
0.391	-8.75E-05
0.392	-8.77E-05
0.393	-8.78E-05
0.394	-8.80E-05
0.395	-8.81E-05
0.396	-8.83E-05
0.397	-8.84E-05
0.398	-8.86E-05
0.399	-8.88E-05
0.4	-8.89E-05
0.401	-8.91E-05
0.402	-8.92E-05
0.403	-8.94E-05
0.404	-8.96E-05
0.405	-8.97E-05
0.406	-8.99E-05
0.407	-9.01E-05
0.408	-9.02E-05
0.409	-9.04E-05
0.41	-9.06E-05
0.411	-9.08E-05
0.412	-9.09E-05
0.413	-9.11E-05
0.414	-9.13E-05
0.415	-9.14E-05
0.416	-9.16E-05
0.417	-9.18E-05
0.418	-9.20E-05
0.419	-9.22E-05
0.42	-9.23E-05
0.421	-9.25E-05
0.422	-9.27E-05
0.423	-9.29E-05
0.424	-9.31E-05
0.425	-9.33E-05
0.426	-9.34E-05
0.427	-9.36E-05
0.428	-9.38E-05
0.429	-9.40E-05
0.43	-9.42E-05
0.431	-9.44E-05
0.432	-9.46E-05
0.433	-9.47E-05
0.434	-9.49E-05
0.435	-9.51E-05
0.436	-9.53E-05
0.437	-9.55E-05
0.438	-9.57E-05
0.439	-9.59E-05
0.44	-9.61E-05
0.441	-9.63E-05
0.442	-9.65E-05
0.443	-9.67E-05
0.444	-9.69E-05
0.445	-9.71E-05
0.446	-9.73E-05
0.447	-9.75E-05
0.448	-9.77E-05
0.449	-9.79E-05
0.45	-9.81E-05
0.451	-9.83E-05
0.452	-9.85E-05
0.453	-9.87E-05
0.454	-9.89E-05
0.455	-9.91E-05
0.456	-9.93E-05
0.457	-9.95E-05
0.458	-9.97E-05
0.459	-9.99E-05
0.46	-0.00010011
0.461	-0.000100316
0.462	-0.000100523
0.463	-0.00010073
0.464	-0.000100938
0.465	-0.000101146
0.466	-0.000101355
0.467	-0.000101564
0.468	-0.000101773
0.469	-0.000101983
0.47	-0.000102194
0.471	-0.000102405
0.472	-0.000102616
0.473	-0.000102828
0.474	-0.00010304
0.475	-0.000103253
0.476	-0.000103466
0.477	-0.000103679
0.478	-0.000103893
0.479	-0.000104107
0.48	-0.000104322
0.481	-0.000104537
0.482	-0.000104752
0.483	-0.000104968
0.484	-0.000105184
0.485	-0.000105401
0.486	-0.000105617
0.487	-0.000105835
0.488	-0.000106052
0.489	-0.00010627
0.49	-0.000106488
0.491	-0.000106707
0.492	-0.000108364
0.493	-0.000114876
0.494	-0.000121391
0.495	-0.000127907
0.496	-0.000134943
0.497	-0.000143943
0.498	-0.000152946
0.499	-0.000161953
0.5	-0.000171069
0.501	-0.000180645
0.502	-0.000190224
0.503	-0.000199806
0.504	-0.000209497
0.505	-0.000219706
0.506	-0.000229919
0.507	-0.000240136
0.508	-0.000250449
0.509	-0.0002613
0.51	-0.000272154
0.511	-0.000283013
0.512	-0.00029397
0.513	-0.000305581
0.514	-0.000317196
0.515	-0.000328815
0.516	-0.000340518
0.517	-0.000352893
0.518	-0.000365273
0.519	-0.000377656
0.52	-0.000390115
0.521	-0.000403323
0.522	-0.000416535
0.523	-0.000429751
0.524	-0.000443033
0.525	-0.000457169
0.526	-0.00047131
0.527	-0.000485456
0.528	-0.00049965
0.529	-0.000514731
0.53	-0.000529816
0.531	-0.000544907
0.532	-0.000560033
0.533	-0.000576219
0.534	-0.000592412
0.535	-0.00060861
0.536	-0.000624821
0.537	-0.000642142
0.538	-0.000659469
0.539	-0.000676802
0.54	-0.00069414
0.541	-0.000712674
0.542	-0.00073123
0.543	-0.000749792
0.544	-0.000768359
0.545	-0.000788257
0.546	-0.000808205
0.547	-0.00082816
0.548	-0.000848121
0.549	-0.000869399
0.55	-0.000890757
0.551	-0.000912122
0.552	-0.000933493
0.553	-0.000956381
0.554	-0.000979395
0.555	-0.00100242
0.556	-0.00102544
0.557	-0.00105001
0.558	-0.00107475
0.559	-0.00109949
0.56	-0.00112424
0.561	-0.00115061
0.562	-0.00117719
0.563	-0.00120378
0.564	-0.00123038
0.565	-0.0012588
0.566	-0.00128752
0.567	-0.00131625
0.568	-0.00134498
0.569	-0.00137552
0.57	-0.0014064
0.571	-0.00143728
0.572	-0.00146817
0.573	-0.00150113
0.574	-0.00153454
0.575	-0.00156796
0.576	-0.00160139
0.577	-0.00163694
0.578	-0.00167301
0.579	-0.00170909
0.58	-0.00174518
0.581	-0.00178349
0.582	-0.00182242
0.583	-0.00186136
0.584	-0.00190032
0.585	-0.00194181
0.586	-0.00198408
0.587	-0.00202636
0.588	-0.00206866
0.589	-0.00211346
0.59	-0.00215912
0.591	-0.00220479
0.592	-0.00225048
0.593	-0.00229903
0.594	-0.00234867
0.595	-0.00239833
0.596	-0.002448
0.597	-0.00250064
0.598	-0.00255452
0.599	-0.00260842
0.6	-0.00266234
0.601	-0.00271933
0.602	-0.00277775
0.603	-0.00283619
0.604	-0.00289465
0.605	-0.00295668
0.606	-0.0030205
0.607	-0.00308434
0.608	-0.00314821
0.609	-0.00321559
0.61	-0.00328492
0.611	-0.00335426
0.612	-0.00342363
0.613	-0.00349698
0.614	-0.00357273
0.615	-0.0036485
0.616	-0.00372429
0.617	-0.00380429
0.618	-0.00388704
0.619	-0.00396981
0.62	-0.00405261
0.621	-0.00413974
0.622	-0.00422994
0.623	-0.00432017
0.624	-0.00441043
0.625	-0.00450578
0.626	-0.00460505
0.627	-0.00470435
0.628	-0.00480369
0.629	-0.00490802
0.63	-0.00501652
0.631	-0.00512505
0.632	-0.00523362
0.633	-0.00534783
0.634	-0.00546716
0.635	-0.00558652
0.636	-0.00570592
0.637	-0.00583138
0.638	-0.00596278
0.639	-0.00609422
0.64	-0.0062257
0.641	-0.00636333
0.642	-0.00650749
0.643	-0.0066517
0.644	-0.00679595
0.645	-0.0069476
0.646	-0.00710777
0.647	-0.00726798
0.648	-0.00742824
0.649	-0.00759572
0.65	-0.0077722
0.651	-0.00794874
0.652	-0.00812533
0.653	-0.00831008
0.654	-0.00850589
0.655	-0.00870175
0.656	-0.00889768
0.657	-0.00910248
0.658	-0.00932033
0.659	-0.00953825
0.66	-0.00975624
0.661	-0.00998321
0.662	-0.0102245
0.663	-0.0104659
0.664	-0.0107074
0.665	-0.0109598
0.666	-0.0112313
0.667	-0.0115029
0.668	-0.0117746
0.669	-0.0120571
0.67	-0.0123599
0.671	-0.0126629
0.672	-0.012966
0.673	-0.0132812
0.674	-0.0136216
0.675	-0.0139622
0.676	-0.0143028
0.677	-0.014657
0.678	-0.015042
0.679	-0.015427
0.68	-0.0158122
0.681	-0.0162111
0.682	-0.0166443
0.683	-0.0170776
0.684	-0.0175111
0.685	-0.0179614
0.686	-0.0184585
0.687	-0.0189558
0.688	-0.0194532
0.689	-0.0199675
0.69	-0.0205339
0.691	-0.0211005
0.692	-0.0216673
0.693	-0.0222531
0.694	-0.0229044
0.695	-0.023556
0.696	-0.0242077
0.697	-0.0248813
0.698	-0.0256395
0.699	-0.026398
0.7	-0.0271567
0.701	-0.0279376
0.702	-0.0288165
0.703	-0.0296956
0.704	-0.030575
0.705	-0.0314819
0.706	-0.0325289
0.707	-0.0335763
0.708	-0.0346239
0.709	-0.0356998
0.71	-0.0369428
0.711	-0.0381863
0.712	-0.0394301
0.713	-0.0407054
0.714	-0.0422024
0.715	-0.0437
0.716	-0.045198
0.717	-0.0467326
0.718	-0.0485818
0.719	-0.0504316
0.72	-0.0522819
0.721	-0.0541682
0.722	-0.0564463
0.723	-0.0587251
0.724	-0.0610046
0.725	-0.0633259
0.726	-0.0662599
0.727	-0.0691948
0.728	-0.0721306
0.729	-0.075104
0.73	-0.0789007
0.731	-0.0826986
0.732	-0.0864977
0.733	-0.0903257
0.734	-0.0953494
0.735	-0.100375
0.736	-0.105402
0.737	-0.110435
0.738	-0.117388
0.739	-0.124344
0.74	-0.131302
0.741	-0.138261
0.742	-0.148387
0.743	-0.158573
0.744	-0.168762
0.745	-0.178954
0.746	-0.191801
0.747	-0.204755
0.748	-0.217714
0.749	-0.230677
0.75	-0.247152
0.751	-0.263847
0.752	-0.280548
0.753	-0.297254
0.754	-0.315192
0.755	-0.333241
0.756	-0.351294
0.757	-0.369354
0.758	-0.384387
0.759	-0.399096
0.76	-0.41381
0.761	-0.428528
0.762	-0.43938
0.763	-0.449718
0.764	-0.460058
0.765	-0.470402
0.766	-0.476047
0.767	-0.480941
0.768	-0.485836
0.769	-0.490732
0.77	-0.493579
0.771	-0.496041
0.772	-0.498504
0.773	-0.500968
0.774	-0.502369
0.775	-0.503539
0.776	-0.504709
0.777	-0.50588
0.778	-0.506176
0.779	-0.506255
0.78	-0.506335
0.781	-0.506414
0.782	-0.506493
0.783	-0.506573
0.784	-0.506652
0.785	-0.506732
0.786	-0.506811
0.787	-0.506891
0.788	-0.50697
0.789	-0.50705
0.79	-0.507129
0.791	-0.507209
0.792	-0.507288
0.793	-0.507368
0.794	-0.507447
0.795	-0.507527
0.796	-0.507606
0.797	-0.507685
0.798	-0.507765
0.799	-0.507844
0.8	-0.507924
0.801	-0.508003
0.802	-0.508083
0.803	-0.508162
0.804	-0.508242
0.805	-0.508321
0.806	-0.508401
0.807	-0.50848
0.808	-0.50856
0.809	-0.508639
0.81	-0.508719
0.811	-0.508798
0.812	-0.508878
0.813	-0.508957
0.814	-0.509036
0.815	-0.509116
0.816	-0.509195
0.817	-0.509275
0.818	-0.509354
0.819	-0.509434
0.82	-0.509513
0.821	-0.509593
0.822	-0.509672
0.823	-0.509752
0.824	-0.509831
0.825	-0.509911
0.826	-0.50999
0.827	-0.51007
0.828	-0.510149
0.829	-0.510228
0.83	-0.510308
0.831	-0.510387
0.832	-0.510467
0.833	-0.510546
0.834	-0.510626
0.835	-0.510705
0.836	-0.510785
0.837	-0.510864
0.838	-0.510944
0.839	-0.511023
0.84	-0.511103
0.841	-0.511182
0.842	-0.511262
0.843	-0.511341
0.844	-0.51142
0.845	-0.5115
0.846	-0.511579
0.847	-0.511659
0.848	-0.511738
0.849	-0.511818
0.85	-0.511897
0.851	-0.511977
0.852	-0.512056
0.853	-0.512136
0.854	-0.512215
0.855	-0.512295
0.856	-0.512374
0.857	-0.512454
0.858	-0.512533
0.859	-0.512613
0.86	-0.512692
0.861	-0.512771
0.862	-0.512851
0.863	-0.51293
0.864	-0.51301
0.865	-0.513089
0.866	-0.513169
0.867	-0.513248
0.868	-0.513328
0.869	-0.513407
0.87	-0.513487
0.871	-0.513566
0.872	-0.513646
0.873	-0.513725
0.874	-0.513805
0.875	-0.513884
0.876	-0.513963
0.877	-0.514043
0.878	-0.514122
0.879	-0.514202
0.88	-0.514281
0.881	-0.514361
0.882	-0.51444
0.883	-0.51452
0.884	-0.514599
0.885	-0.514679
0.886	-0.514758
0.887	-0.514838
0.888	-0.514917
0.889	-0.514997
0.89	-0.515076
0.891	-0.515156
0.892	-0.515235
0.893	-0.515314
0.894	-0.515394
0.895	-0.515473
0.896	-0.515553
0.897	-0.515632
0.898	-0.515712
0.899	-0.515791
0.9	-0.515871
0.901	-0.51595
0.902	-0.51603
0.903	-0.516109
0.904	-0.516189
0.905	-0.516268
0.906	-0.516348
0.907	-0.516427
0.908	-0.516507
0.909	-0.516586
0.91	-0.516665
0.911	-0.516745
0.912	-0.516824
0.913	-0.516904
0.914	-0.516983
0.915	-0.517063
0.916	-0.517142
0.917	-0.517222
0.918	-0.517301
0.919	-0.517381
0.92	-0.51746
0.921	-0.51754
0.922	-0.517619
0.923	-0.517699
0.924	-0.517778
0.925	-0.517857
0.926	-0.517937
0.927	-0.518016
0.928	-0.518096
0.929	-0.518175
0.93	-0.518255
0.931	-0.518334
0.932	-0.518414
0.933	-0.518493
0.934	-0.518573
0.935	-0.518652
0.936	-0.518732
0.937	-0.518811
0.938	-0.518891
0.939	-0.51897
0.94	-0.51905
0.941	-0.519129
0.942	-0.519208
0.943	-0.519288
0.944	-0.519367
0.945	-0.519447
0.946	-0.519526
0.947	-0.519606
0.948	-0.519685
0.949	-0.519765
0.95	-0.519844
0.951	-0.519924
0.952	-0.520003
0.953	-0.520083
0.954	-0.520162
0.955	-0.520242
0.956	-0.520321
0.957	-0.520401
0.958	-0.52048
0.959	-0.520559
0.96	-0.520639
0.961	-0.520718
0.962	-0.520798
0.963	-0.520877
0.964	-0.520957
0.965	-0.521036
0.966	-0.521116
0.967	-0.521195
0.968	-0.521275
0.969	-0.521354
0.97	-0.521434
0.971	-0.521513
0.972	-0.521593
0.973	-0.521672
0.974	-0.521752
0.975	-0.521831
0.976	-0.52191
0.977	-0.52199
0.978	-0.522069
0.979	-0.522149
0.98	-0.522228
0.981	-0.522308
0.982	-0.522387
0.983	-0.522467
0.984	-0.522546
0.985	-0.522626
0.986	-0.522705
0.987	-0.522785
0.988	-0.522864
0.989	-0.522944
0.99	-0.523023
0.991	-0.523102
0.992	-0.523182
0.993	-0.523261
0.994	-0.523341
0.995	-0.52342
0.996	-0.5235
0.997	-0.523579
0.998	-0.523659
0.999	-0.523738
1	-0.523818