3.064 -1.4626 3.86e-07
4.5112 -1.5786 1.29e-06
4.8187 -1.6145 1.47e-06
5.3413 -1.6917 7.1e-06
5.3606 -1.695 7.1e-06
5.4739 -1.7151 2.66e-05
5.6 -1.74 0.00148
5.6 -1.74 0.00148
5.8 -1.78 0.00502
6 -1.826 0.00799
6.1 -1.852 0.00862
6.2 -1.879 0.0093
6.3 -1.91 0.00974
6.4 -1.944 0.00987
6.5 -1.985 0.011
6.6 -2.031 0.0147
6.7 -2.085 0.022
6.8 -2.146 0.0344
6.9 -2.22 0.0524
7 -2.322 0.0935
7.1 -2.444 0.21
7.15 -2.464 0.307
7.2 -2.437 0.388
7.3 -2.376 0.473
7.4 -2.335 0.515
7.5 -2.321 0.553
7.6 -2.306 0.592
7.8 -2.276 0.659
8 -2.251 0.712
8.25 -2.232 0.765
8.5 -2.228 0.806
8.75 -2.247 0.855
9 -2.272 0.91
9.25 -2.308 0.978
9.5 -2.348 1.055
9.75 -2.398 1.147
10 -2.453 1.258
10.25 -2.514 1.403
10.5 -2.565 1.581
10.75 -2.6 1.813
11 -2.582 2.078
11.25 -2.507 2.38
11.5 -2.346 2.693
11.75 -2.09 2.986
12 -1.736 3.228
12.2 -1.383 3.354
12.4 -0.983 3.382
12.6 -0.532 3.265
12.8 -0.312 2.953
13 -0.223 2.722
13.25 -0.166 2.522
13.5 -0.129 2.379
13.75 -0.098 2.268
14 -0.07 2.178
14.25 -0.041 2.102
14.5 -0.018 2.034
14.75 0.006 1.978
15 0.028 1.929
15.5 0.083 1.845
16 0.139 1.767
16.5 0.195 1.692
17 0.247 1.619
17.5 0.293 1.546
18 0.335 1.476
18.5 0.374 1.408
19 0.411 1.341
19.5 0.443 1.273
20 0.473 1.203
20.5 0.497 1.13
21 0.513 1.052
21.5 0.517 0.969
22 0.482 0.888
22.5 0.421 0.846
23 0.403 0.85
23.5 0.405 0.843
24 0.414 0.829
24.5 0.426 0.81
25 0.438 0.787
25.5 0.45 0.763
26 0.462 0.736
26.5 0.473 0.708
27 0.484 0.679
27.5 0.492 0.648
28 0.499 0.616
28.5 0.504 0.584
29 0.506 0.552
29.3 0.514922 0.388368
29.5 0.507 0.521
29.7739 0.504233 0.369177
30.2555 0.493494 0.350402
30.7449 0.482391 0.332567
31.2421 0.471174 0.315642
31.7475 0.459908 0.299574
32.2609 0.448654 0.284328
32.7827 0.437441 0.269857
33.313 0.426292 0.25612
33.8518 0.415234 0.243085
34.3993 0.404265 0.230713
34.9557 0.39336 0.218971
35.5211 0.38256 0.208102
36.0956 0.372141 0.197821
36.6794 0.361985 0.188048
37.2727 0.352076 0.178757
37.8755 0.342417 0.169926
38.4882 0.333015 0.161531
39.1107 0.324032 0.15355
39.7432 0.315409 0.1456
40.3861 0.306612 0.137748
41.0393 0.29781 0.130321
41.7031 0.289092 0.123293
42.3776 0.280487 0.116645
43.063 0.272006 0.110356
43.7595 0.263649 0.104405
44.4673 0.255341 0.0987752
45.1865 0.247056 0.0935089
45.9174 0.239018 0.0890893
46.66 0.231469 0.084879
47.4147 0.224228 0.0808676
48.1816 0.217244 0.0770459
48.9609 0.210491 0.0734047
49.7528 0.203949 0.0699354
50.5576 0.197603 0.0666298
51.3753 0.191439 0.0634807
52.2062 0.185435 0.0604805
53.0506 0.179552 0.0576224
53.9087 0.173736 0.0550757
54.7806 0.168264 0.0527778
55.6667 0.163057 0.0505753
56.567 0.158064 0.0484649
57.482 0.153267 0.0464423
58.4117 0.148656 0.0445046
59.3564 0.144229 0.0426475
60.3165 0.14 0.0408678
61.2921 0.136015 0.0390781
62.2834 0.13208 0.0371678
63.2908 0.128156 0.035351
64.3145 0.124307 0.0336227
65.3547 0.120546 0.0319789
66.4118 0.116878 0.0304156
67.4859 0.113306 0.0289288
68.5775 0.109829 0.0275145
69.6867 0.106448 0.0261696
70.8138 0.103161 0.0248901
71.9591 0.0999671 0.0236734
73.123 0.096864 0.0225162
74.3057 0.0938502 0.0214155
75.5076 0.0909236 0.0203685
76.7289 0.0880825 0.0193728
77.9699 0.085325 0.0184258
79.231 0.0826486 0.017525
80.5125 0.0800517 0.0166683
81.8147 0.0775321 0.0158535
83.138 0.0750874 0.0150785
84.4827 0.0727163 0.0143413
85.8491 0.0704164 0.0136403
87.2377 0.0681855 0.0129734
88.6487 0.0660222 0.0123392
90.0825 0.0639245 0.011736
91.5395 0.0618904 0.0111623
93.0201 0.0599182 0.0106166
94.5246 0.0580059 0.0100976
96.0535 0.0561522 0.009604
97.6071 0.054355 0.0091345
99.1858 0.0526129 0.00868795
100.79 0.0509242 0.00826324
102.42 0.0492875 0.00785932
104.077 0.0477005 0.00747505
105.76 0.0461631 0.00710968
107.471 0.0446724 0.00676206
109.209 0.0432282 0.00643153
110.975 0.0418286 0.00611717
112.77 0.0404719 0.00581811
114.594 0.0391573 0.00553368
116.448 0.0378829 0.00526312
118.331 0.0366488 0.00500587
120.245 0.0354525 0.00476115
122.19 0.0342934 0.00452838
124.166 0.0331706 0.00430704
126.175 0.0320824 0.00409644
128.215 0.0310292 0.00389622
130.289 0.0300091 0.00370574
132.397 0.0290233 0.00352455
134.538 0.0280674 0.003344
136.714 0.0271372 0.00317267
138.925 0.0262338 0.00301013
141.172 0.0253569 0.00285589
143.456 0.0245059 0.00270955
145.776 0.0236807 0.00257073
148.134 0.0228802 0.00243901
150.53 0.0221038 0.00231405
152.964 0.021351 0.0021955
155.439 0.0206204 0.00208298
157.953 0.0199119 0.00197627
160.507 0.0192249 0.00187503
163.103 0.0185584 0.00177896
165.742 0.0179114 0.00168779
168.422 0.0172842 0.00160133
171.146 0.0166754 0.00151929
173.915 0.0160845 0.00144143
176.727 0.0155114 0.0013676
179.586 0.014955 0.00129751
182.491 0.0144155 0.00123103
185.442 0.0138951 0.00116796
188.442 0.0133873 0.00109987
191.489 0.0128896 0.00103562
194.587 0.0124032 0.000975102
197.734 0.0119285 0.000918133
200.932 0.011465 0.000864487
204.182 0.0110123 0.000813975
207.485 0.0105698 0.000766412
210.84 0.010137 0.000721637
214.251 0.00971278 0.000679466
217.716 0.00929662 0.000639767
221.237 0.00888709 0.000602872
224.816 0.00848448 0.000569061
228.452 0.00808756 0.000537151
232.147 0.00769466 0.000507028
235.902 0.00730404 0.000478594
239.717 0.00691378 0.000451758
243.595 0.0065212 0.000426422
247.535 0.00612556 0.000401479
251.538 0.00571713 0.000374388
255.607 0.00528904 0.00034912
259.741 0.00483315 0.00032556
263.942 0.00433388 0.000303589
268.211 0.00376346 0.000283102
272.549 0.00306565 0.000263997
276.957 0.00209692 0.00024618
281.437 0.000243594 0.000229566
284.1 -0.00610361 0.000220341
284.3 -0.00608221 0.00630562
285.989 -0.000421497 0.00618651
290.615 0.00207409 0.00587502
295.315 0.00307743 0.00557926
300.092 0.00366538 0.00529834
304.945 0.00404933 0.0050316
309.878 0.00431058 0.00477826
314.89 0.00448979 0.00453769
319.983 0.00461045 0.00430922
325.158 0.00468751 0.00409228
330.418 0.00473109 0.00388623
335.762 0.00474851 0.00369057
341.192 0.00474517 0.00350477
346.711 0.00472517 0.00332831
352.319 0.0046918 0.00316074
358.017 0.00464772 0.00300162
363.808 0.00459513 0.00285048
369.692 0.00453613 0.00270697
375.672 0.00447378 0.00257067
381.748 0.00440778 0.00243505
387.922 0.00433427 0.00230291
394.197 0.0042539 0.00217793
400.573 0.00416983 0.00205974
407.052 0.00408304 0.00194795
413.635 0.00399435 0.00184225
420.326 0.00390436 0.00174227
427.124 0.00381363 0.00164772
434.032 0.00372258 0.00155831
441.052 0.00363156 0.00147374
448.186 0.00354088 0.00139376
455.435 0.0034508 0.00131813
462.802 0.00336154 0.00124659
470.287 0.00327333 0.00117894
477.894 0.00318634 0.00111496
485.623 0.00310093 0.00105442
493.478 0.00301672 0.00099639
501.459 0.00293356 0.00094156
509.57 0.00285174 0.00088974
517.812 0.0027714 0.000840776
526.187 0.00269262 0.000794506
534.698 0.00261544 0.000750778
543.346 0.00253992 0.000709462
552.134 0.00246606 0.000670418
561.065 0.0023939 0.000633521
570.139 0.00232345 0.000598656
579.361 0.00225469 0.00056571
588.732 0.00218763 0.000534578
598.254 0.00212228 0.000505158
607.93 0.0020586 0.000477357
617.763 0.00199659 0.000451088
627.755 0.00193622 0.000426261
637.908 0.00187748 0.000402804
648.226 0.00182033 0.000380634
658.711 0.00176472 0.000359688
669.365 0.00171059 0.000339891
680.191 0.0016579 0.000321502
691.193 0.00160699 0.000304406
702.372 0.00155834 0.000288317
713.733 0.00151141 0.000272191
725.277 0.00146522 0.000256392
737.008 0.00142004 0.000241512
748.928 0.001376 0.000227497
761.042 0.00133315 0.000214294
773.351 0.0012915 0.000201854
785.859 0.00125103 0.000190134
798.57 0.00121172 0.00017909
811.486 0.00117357 0.000168686
824.611 0.00113654 0.000158889
837.949 0.00110063 0.000149661
851.502 0.00106581 0.000140951
865.274 0.00103204 0.000132728
879.269 0.000999276 0.000124968
893.491 0.000967503 0.000117663
907.943 0.000936704 0.000110785
922.628 0.000906862 0.000104311
937.551 0.000877945 9.8192e-05
952.715 0.000849913 9.24291e-05
968.124 0.000822752 8.70018e-05
983.783 0.000796435 8.18908e-05
999.695 0.000770942 7.70813e-05
1015.86 0.000746257 7.25561e-05
1032.29 0.000722364 6.83029e-05
1048.99 0.000699236 6.42692e-05
1065.96 0.000676813 6.04437e-05
1083.2 0.00065509 5.68487e-05
1100.72 0.000634049 5.3466e-05
1118.52 0.000613677 5.02829e-05
1136.61 0.000593946 4.72913e-05
1155 0.000574836 4.4477e-05
1173.68 0.000556344 4.18306e-05
1192.66 0.000538445 3.93425e-05
1211.95 0.00052112 3.70018e-05
1231.55 0.000504354 3.48001e-05
1251.47 0.00048813 3.27207e-05
1271.72 0.000472421 3.07562e-05
1292.29 0.000457212 2.88995e-05
1313.19 0.000442487 2.71557e-05
1334.43 0.000428233 2.55169e-05
1356.01 0.000414437 2.39769e-05
1377.94 0.000401084 2.253e-05
1400.23 0.000388157 2.11702e-05
1422.88 0.000375648 1.98923e-05
1445.89 0.000363546 1.86918e-05
1469.28 0.000351833 1.75629e-05
1493.04 0.000340501 1.65013e-05
1517.19 0.000329534 1.54999e-05
1541.73 0.000318918 1.45588e-05
1566.67 0.000308644 1.36746e-05
1592.01 0.000298702 1.28442e-05
1617.76 0.000289082 1.20642e-05
1643.92 0.000279776 1.13317e-05
1670.51 0.000270768 1.06436e-05
1697.53 0.000262053 9.99727e-06
1724.99 0.000253619 9.39028e-06
1752.89 0.000245461 8.81745e-06
1781.24 0.000237565 8.2787e-06
1810.05 0.000229924 7.77222e-06
1839.32 0.000222531 7.29682e-06
1869.07 0.000215375 6.85047e-06
1899.3 0.000208451 6.43146e-06
1930.02 0.00020175 6.03805e-06
1961.24 0.000195266 5.66868e-06
1992.96 0.000188993 5.32192e-06
2025.2 0.000182921 4.99801e-06
2057.95 0.00017705 4.69133e-06
2091.24 0.000171365 4.40324e-06
2125.06 0.000165866 4.13274e-06
2159.43 0.000160543 3.87866e-06
2194.36 0.000155392 3.64005e-06
2229.85 0.000150408 3.41596e-06
2265.92 0.000145585 3.20556e-06
2302.57 0.000140917 3.00798e-06
2339.81 0.0001364 2.82251e-06
2377.66 0.000132029 2.64822e-06
2416.11 0.000127799 2.48473e-06
2455.19 0.000123706 2.33121e-06
2494.9 0.000119744 2.18703e-06
2535.26 0.00011591 2.05171e-06
2576.26 0.0001122 1.92473e-06
2617.93 0.000108609 1.80543e-06
2660.27 0.000105135 1.69357e-06
2703.3 0.000101771 1.58845e-06
2747.03 9.85162e-05 1.48981e-06
2791.46 9.53664e-05 1.39727e-06
2836.61 9.23178e-05 1.31047e-06
2882.49 8.93674e-05 1.22886e-06
2929.11 8.65119e-05 1.15241e-06
2976.48 8.37486e-05 1.08061e-06
3024.63 8.10735e-05 1.01324e-06
3073.55 7.84846e-05 9.50017e-07
3123.26 7.59791e-05 8.90699e-07
3173.78 7.35538e-05 8.35037e-07
3225.11 7.12066e-05 7.82823e-07
3277.27 6.89348e-05 7.33829e-07
3330.28 6.67357e-05 6.8786e-07
3384.15 6.4607e-05 6.4474e-07
3438.88 6.25471e-05 6.04291e-07
3494.5 6.05531e-05 5.66345e-07
3551.02 5.8623e-05 5.3075e-07
3608.46 5.67546e-05 4.97356e-07
3666.82 5.49463e-05 4.66043e-07
3726.13 5.31957e-05 4.36673e-07
3786.4 5.15012e-05 4.09127e-07
3847.64 4.98611e-05 3.83288e-07
3909.87 4.82736e-05 3.59066e-07
3973.11 4.67367e-05 3.3635e-07
4037.38 4.52488e-05 3.1516e-07
4102.68 4.38088e-05 2.95188e-07
4169.03 4.2415e-05 2.76464e-07
4236.46 4.10655e-05 2.58921e-07
4304.98 3.97593e-05 2.42474e-07
4374.62 3.84945e-05 2.27063e-07
4445.37 3.72704e-05 2.12627e-07
4517.27 3.60854e-05 1.99095e-07
4590.33 3.49382e-05 1.86415e-07
4664.58 3.38276e-05 1.7453e-07
4740.03 3.27524e-05 1.63398e-07
4816.69 3.17117e-05 1.5297e-07
4894.6 3.07041e-05 1.432e-07
4973.77 2.97286e-05 1.34047e-07
5054.21 2.87843e-05 1.25475e-07
5135.96 2.78701e-05 1.17443e-07
5219.03 2.6985e-05 1.09922e-07
5303.44 2.61282e-05 1.02876e-07
5389.22 2.52986e-05 9.62755e-08
5476.39 2.44955e-05 9.00924e-08
5564.97 2.3718e-05 8.43028e-08
5654.98 2.29652e-05 7.88857e-08
5746.44 2.22365e-05 7.38098e-08
5839.39 2.15308e-05 6.90551e-08
5933.83 2.08478e-05 6.46028e-08
6029.81 2.01864e-05 6.04365e-08
6127.33 1.95461e-05 5.65375e-08
6226.44 1.89261e-05 5.28839e-08
6327.15 1.83259e-05 4.94646e-08
6429.48 1.77448e-05 4.62643e-08
6533.48 1.71821e-05 4.32682e-08
6639.15 1.66374e-05 4.04642e-08
6746.54 1.61099e-05 3.78395e-08
6855.65 1.55993e-05 3.53836e-08
6966.54 1.51049e-05 3.30848e-08
7079.22 1.46261e-05 3.05532e-08
7193.72 1.41626e-05 2.85787e-08
7310.07 1.37139e-05 2.67319e-08
7428.31 1.32793e-05 2.50044e-08
7548.45 1.28586e-05 2.33886e-08
7670.54 1.24513e-05 2.18771e-08
7794.61 1.20568e-05 2.04633e-08
7920.68 1.16749e-05 1.91409e-08
8048.79 1.13051e-05 1.79002e-08
8178.98 1.09471e-05 1.67342e-08
8311.26 1.06004e-05 1.56442e-08
8445.69 1.02648e-05 1.46251e-08
8582.29 9.93972e-06 1.36725e-08
8721.11 9.625e-06 1.27818e-08
8862.16 9.32028e-06 1.19493e-08
9005.5 9.02522e-06 1.11709e-08
9151.16 8.73952e-06 1.04432e-08
9299.17 8.46288e-06 9.76299e-09
9449.58 8.195e-06 9.12702e-09
9602.42 7.93562e-06 8.5325e-09
9757.73 7.68448e-06 7.97671e-09
9915.55 7.44129e-06 7.45713e-09
10075.9 7.20585e-06 6.97019e-09
10238.9 6.97778e-06 6.51358e-09
10404.5 6.757e-06 6.08697e-09
10572.8 6.54319e-06 5.68825e-09
10743.8 6.33617e-06 5.31569e-09
10917.6 6.13569e-06 4.96747e-09
11094.2 5.94156e-06 4.64209e-09
11273.6 5.75365e-06 4.3381e-09
11455.9 5.57168e-06 4.05403e-09
11641.2 5.39543e-06 3.78849e-09
11829.5 5.22476e-06 3.54033e-09
12020.8 5.05953e-06 3.30849e-09
12215.3 4.89945e-06 3.09171e-09
12412.8 4.74455e-06 2.88928e-09
12613.6 4.59448e-06 2.70001e-09
12817.6 4.4492e-06 2.52318e-09
13025 4.30844e-06 2.35785e-09
13235.6 4.17224e-06 2.20346e-09
13449.7 4.0403e-06 2.05912e-09
13667.2 3.91256e-06 1.92428e-09
13888.3 3.78883e-06 1.79822e-09
14112.9 3.66905e-06 1.68046e-09
14341.2 3.55304e-06 1.57037e-09
14573.1 3.44073e-06 1.46754e-09
14808.9 3.33191e-06 1.37138e-09
15048.4 3.22658e-06 1.28164e-09
15291.8 3.12458e-06 1.19802e-09
15539.1 3.02582e-06 1.11987e-09
15790.4 2.93018e-06 1.04682e-09
16045.8 2.83756e-06 9.78523e-10
16305.4 2.74784e-06 9.14666e-10
16569.1 2.66099e-06 8.54998e-10
16837.1 2.57688e-06 7.99215e-10
17109.4 2.49544e-06 7.47078e-10
17386.1 2.41658e-06 6.98343e-10
17667.4 2.34017e-06 6.52768e-10
17953.1 2.26623e-06 6.10188e-10
18243.5 2.1946e-06 5.70376e-10
18538.6 2.12523e-06 5.33161e-10
18838.4 2.05808e-06 4.98382e-10
19143.1 1.99304e-06 4.65866e-10
19452.7 1.93006e-06 4.35475e-10
19767.4 1.86906e-06 4.07058e-10
20087.1 1.81e-06 3.80831e-10
20412 1.7528e-06 3.57121e-10
20742.1 1.69742e-06 3.3489e-10
21077.6 1.64378e-06 3.14039e-10
21418.5 1.59185e-06 2.94488e-10
21765 1.54154e-06 2.7615e-10
22117 1.49283e-06 2.58959e-10
22474.7 1.44567e-06 2.42837e-10
22838.2 1.39999e-06 2.27719e-10
23207.6 1.35575e-06 2.13541e-10
23583 1.31292e-06 2.00245e-10
23964.4 1.27144e-06 1.87779e-10
24352 1.23127e-06 1.76088e-10
24745.9 1.19236e-06 1.65124e-10
25146.2 1.15469e-06 1.54843e-10
25552.9 1.11821e-06 1.45203e-10
25966.2 1.08288e-06 1.36163e-10
26386.1 1.04868e-06 1.27687e-10
26812.9 1.01554e-06 1.19737e-10
27246.6 9.83459e-07 1.12282e-10
27687.3 9.52389e-07 1.05291e-10
28135.1 9.22303e-07 9.87359e-11
28590.2 8.93165e-07 9.25883e-11
29052.6 8.6495e-07 8.68241e-11
29522.5 8.37627e-07 8.14186e-11
30000 8.11165e-07 7.63496e-11
30800 7.69559e-07 6.98665e-11
31500 7.35727e-07 6.4768e-11
32300 6.99726e-07 5.95162e-11
33000 6.70348e-07 5.53655e-11
33800 6.38982e-07 5.10697e-11
34500 6.13308e-07 4.76592e-11
35300 5.85817e-07 4.41142e-11
36030 5.62312e-07 4.11723e-11
36500 5.47921e-07 3.94118e-11
37000 5.3321e-07 3.76446e-11
38000 5.05511e-07 3.44073e-11
39000 4.79914e-07 3.1522e-11
40000 4.56213e-07 2.89428e-11
41500 4.23825e-07 2.64069e-11
43000 3.94767e-07 2.41718e-11
44500 3.68598e-07 2.21931e-11
46000 3.44947e-07 2.04342e-11
47000 3.30423e-07 1.93684e-11
48000 3.16796e-07 1.83789e-11
49000 3.03996e-07 1.74588e-11
50000 2.91957e-07 1.6602e-11
52000 2.69928e-07 1.55125e-11
54000 2.50302e-07 1.45316e-11
56000 2.3274e-07 1.36451e-11
57530 2.20524e-07 1.30232e-11
58500 2.13271e-07 1.26517e-11
59540 2.05885e-07 1.22716e-11
60000 2.0274e-07 1.21093e-11
63000 1.8389e-07 1.14751e-11
66830 1.63415e-07 1.07522e-11
68000 1.57839e-07 1.05484e-11
70000 1.48948e-07 1.02166e-11
74960 1.29888e-07 9.47379e-12
77110 1.22745e-07 9.18296e-12
80000 1.14037e-07 8.81789e-12
85000 1.01015e-07 8.41863e-12
90000 9.01021e-08 8.05876e-12
95000 8.0867e-08 7.73253e-12
100000 7.29821e-08 7.43525e-12
110000 6.03156e-08 6.9717e-12
120000 5.06817e-08 6.57379e-12
133000 4.1258e-08 6.1326e-12
145400 3.45208e-08 5.77427e-12
150000 3.24359e-08 5.65407e-12
180000 2.25249e-08 4.95918e-12
200000 1.82451e-08 4.59725e-12
220000 1.50785e-08 4.25652e-12
244700 1.21881e-08 3.90587e-12
279200 9.36208e-09 3.51105e-12
300000 8.10888e-09 3.31302e-12
316500 7.28544e-09 3.15641e-12
320100 7.12249e-09 3.12429e-12
344300 6.15642e-09 2.92499e-12
400000 4.56124e-09 2.55403e-12
411100 4.31825e-09 2.48702e-12
411800 4.30358e-09 2.48292e-12
444000 3.702e-09 2.30784e-12
468050 3.33133e-09 2.19259e-12
500000 2.91919e-09 2.05638e-12
600000 2.02721e-09 1.70615e-12
661600 1.66729e-09 1.53457e-12
700000 1.48938e-09 1.44349e-12
723300 1.39497e-09 1.39313e-12
778900 1.20292e-09 1.28561e-12
800000 1.14031e-09 1.24888e-12
867400 9.69981e-10 1.13823e-12
889200 9.23003e-10 1.10629e-12
900000 9.00984e-10 1.09108e-12
964000 7.85322e-10 1.00842e-12
1e+06 7.29797e-10 9.66894e-13
1.0048e+06 7.22841e-10 9.61345e-13
1.0858e+06 6.19017e-10 8.75812e-13
1.1205e+06 5.8127e-10 8.43316e-13
1.1211e+06 5.80648e-10 8.42774e-13
1.1732e+06 5.30222e-10 7.97995e-13
1.2745e+06 4.49285e-10 7.21741e-13
1.3325e+06 4.11024e-10 6.82748e-13
1.408e+06 3.68126e-10 6.37366e-13
1.5e+06 3.24354e-10 5.88956e-13
2e+06 1.82449e-10 4.06047e-13
3e+06 8.10885e-11 2.36414e-13
4e+06 4.56123e-11 1.60081e-13
5e+06 2.91919e-11 1.18438e-13
5.00015e+06 2.91901e-11 1.18433e-13
6e+06 2.02721e-11 9.27531e-14
7e+06 1.48938e-11 7.57406e-14
8e+06 1.14031e-11 6.35477e-14
9e+06 9.00984e-12 5.46734e-14
1e+07 7.29797e-12 4.77906e-14
