0   0.00341154  
1   0.00680459  
2   0.0101792  
3   0.0135356  
4   0.0168738  
5   0.0201939  
6   0.023496  
7   0.0267802  
8   0.0300465  
9   0.0332952  
10   0.0365263  
11   0.0397399  
12   0.042936  
13   0.0461149  
14   0.0492764  
15   0.0524209  
16   0.0555483  
17   0.0586588  
18   0.0617524  
19   0.0648292  
20   0.0678894  
21   0.0709329  
22   0.07396  
23   0.0769707  
24   0.079965  
25   0.0829431  
26   0.0859051  
27   0.088851  
28   0.0917809  
29   0.094695  
30   0.0975932  
31   0.100476  
32   0.103343  
33   0.106194  
34   0.10903  
35   0.111851  
36   0.114656  
37   0.117446  
38   0.120221  
39   0.122981  
40   0.125726  
41   0.128456  
42   0.131171  
43   0.133871  
44   0.136557  
45   0.139229  
46   0.141885  
47   0.144528  
48   0.147156  
49   0.14977  
50   0.152369  
51   0.154955  
52   0.157527  
53   0.160084  
54   0.162628  
55   0.165158  
56   0.167674  
57   0.170177  
58   0.172666  
59   0.175141  
60   0.177604  
61   0.180052  
62   0.182488  
63   0.18491  
64   0.187319  
65   0.189715  
66   0.192098  
67   0.194469  
68   0.196826  
69   0.19917  
70   0.201502  
71   0.203822  
72   0.206128  
73   0.208422  
74   0.210704  
75   0.212973  
76   0.21523  
77   0.217475  
78   0.219708  
79   0.221928  
80   0.224136  
81   0.226333  
82   0.228517  
83   0.23069  
84   0.232851  
85   0.235  
86   0.237138  
87   0.239264  
88   0.241378  
89   0.243481  
90   0.245573  
91   0.247653  
92   0.249722  
93   0.25178  
94   0.253826  
95   0.255862  
96   0.257886  
97   0.2599  
98   0.261902  
99   0.263894  
100   0.265875  
101   0.267845  
102   0.269804  
103   0.271753  
104   0.273691  
105   0.275619  
106   0.277536  
107   0.279443  
108   0.28134  
109   0.283226  
110   0.285102  
111   0.286968  
112   0.288824  
113   0.290669  
114   0.292505  
115   0.294331  
116   0.296147  
117   0.297953  
118   0.299749  
119   0.301535  
120   0.303312  
121   0.305079  
122   0.306837  
123   0.308585  
124   0.310323  
125   0.312052  
126   0.313772  
127   0.315482  
128   0.317183  
129   0.318875  
130   0.320558  
131   0.322231  
132   0.323896  
133   0.325551  
134   0.327198  
135   0.328836  
136   0.330464  
137   0.332084  
138   0.333695  
139   0.335297  
140   0.336891  
141   0.338476  
142   0.340053  
143   0.34162  
144   0.34318  
145   0.344731  
146   0.346273  
147   0.347807  
148   0.349333  
149   0.350851  
150   0.35236  
151   0.353861  
152   0.355354  
153   0.356839  
154   0.358316  
155   0.359784  
156   0.361245  
157   0.362698  
158   0.364143  
159   0.36558  
160   0.36701  
161   0.368432  
162   0.369846  
163   0.371252  
164   0.37265  
165   0.374042  
166   0.375425  
167   0.376801  
168   0.37817  
169   0.379531  
170   0.380885  
171   0.382231  
172   0.38357  
173   0.384902  
174   0.386227  
175   0.387544  
176   0.388854  
177   0.390157  
178   0.391454  
179   0.392743  
180   0.394025  
181   0.3953  
182   0.396568  
183   0.397829  
184   0.399084  
185   0.400332  
186   0.401573  
187   0.402807  
188   0.404034  
189   0.405255  
190   0.40647  
191   0.407677  
192   0.408878  
193   0.410073  
194   0.411261  
195   0.412443  
196   0.413618  
197   0.414787  
198   0.415949  
199   0.417106  
200   0.418256  
201   0.419399  
202   0.420537  
203   0.421668  
204   0.4228  
205   0.423925  
206   0.42505  
207   0.426169  
208   0.427288  
209   0.428402  
210   0.429514  
211   0.430621  
212   0.431728  
213   0.432829  
214   0.43393  
215   0.435025  
216   0.436119  
217   0.437209  
218   0.438297  
219   0.43938  
220   0.440463  
221   0.44154  
222   0.442617  
223   0.443688  
224   0.444759  
225   0.445824  
226   0.446889  
227   0.447949  
228   0.449008  
229   0.450062  
230   0.451115  
231   0.452163  
232   0.453211  
233   0.454253  
234   0.455295  
235   0.456332  
236   0.457367  
237   0.458399  
238   0.459429  
239   0.460455  
240   0.461479  
241   0.462499  
242   0.463518  
243   0.464533  
244   0.465546  
245   0.466555  
246   0.467562  
247   0.468566  
248   0.469568  
249   0.470566  
250   0.471562  
251   0.472555  
252   0.473546  
253   0.474534  
254   0.475519  
255   0.476501  
256   0.477481  
257   0.478458  
258   0.479432  
259   0.480404  
260   0.481373  
261   0.482339  
262   0.483303  
263   0.484264  
264   0.485223  
265   0.486179  
266   0.487132  
267   0.488082  
268   0.48903  
269   0.489976  
270   0.490918  
271   0.491859  
272   0.492796  
273   0.493732  
274   0.494664  
275   0.495594  
276   0.496521  
277   0.497446  
278   0.498368  
279   0.499289  
280   0.500206  
281   0.501121  
282   0.502033  
283   0.502943  
284   0.50385  
285   0.504755  
286   0.505657  
287   0.506557  
288   0.507454  
289   0.50835  
290   0.509241  
291   0.510132  
292   0.511019  
293   0.511905  
294   0.512787  
295   0.513668  
296   0.514545  
297   0.515421  
298   0.516294  
299   0.517165  
300   0.518033  
301   0.5189  
302   0.519762  
303   0.520624  
304   0.521482  
305   0.52234  
306   0.523193  
307   0.524046  
308   0.524894  
309   0.525743  
310   0.526586  
311   0.52743  
312   0.528269  
313   0.529108  
314   0.529943  
315   0.530777  
316   0.531607  
317   0.532437  
318   0.533263  
319   0.534088  
320   0.534909  
321   0.53573  
322   0.536546  
323   0.537362  
324   0.538174  
325   0.538986  
326   0.539794  
327   0.540601  
328   0.541405  
329   0.542207  
330   0.543006  
331   0.543805  
332   0.544599  
333   0.545393  
334   0.546184  
335   0.546973  
336   0.547759  
337   0.548545  
338   0.549326  
339   0.550107  
340   0.550885  
341   0.551662  
342   0.552435  
343   0.553207  
344   0.553976  
345   0.554745  
346   0.555509  
347   0.556273  
348   0.557034  
349   0.557794  
350   0.55855  
351   0.559306  
352   0.560058  
353   0.56081  
354   0.561558  
355   0.562306  
356   0.56305  
357   0.563793  
358   0.564533  
359   0.565272  
360   0.566009  
361   0.566744  
362   0.567476  
363   0.568207  
364   0.568935  
365   0.569662  
366   0.570386  
367   0.571109  
368   0.57183  
369   0.572549  
370   0.573265  
371   0.57398  
372   0.574693  
373   0.575404  
374   0.576113  
375   0.57682  
376   0.577525  
377   0.578228  
378   0.578929  
379   0.579628  
380   0.580325  
381   0.581021  
382   0.581714  
383   0.582406  
384   0.583096  
385   0.583784  
386   0.58447  
387   0.585154  
388   0.585836  
389   0.586516  
390   0.587195  
391   0.587871  
392   0.588546  
393   0.589219  
394   0.58989  
395   0.590559  
396   0.591227  
397   0.591892  
398   0.592556  
399   0.593218  
400   0.593879  
401   0.594537  
402   0.595193  
403   0.595848  
404   0.596501  
405   0.597152  
406   0.597802  
407   0.598449  
408   0.599095  
409   0.599739  
410   0.600382  
411   0.601022  
412   0.601661  
413   0.602297  
414   0.602933  
415   0.603566  
416   0.604199  
417   0.604828  
418   0.605457  
419   0.606083  
420   0.606709  
421   0.607331  
422   0.607953  
423   0.608573  
424   0.609191  
425   0.609807  
426   0.610423  
427   0.611035  
428   0.611647  
429   0.612256  
430   0.612865  
431   0.613471  
432   0.614076  
433   0.614678  
434   0.615281  
435   0.615879  
436   0.616478  
437   0.617074  
438   0.61767  
439   0.618262  
440   0.618855  
441   0.619444  
442   0.620033  
443   0.620619  
444   0.621205  
445   0.621788  
446   0.62237  
447   0.62295  
448   0.62353  
449   0.624106  
450   0.624682  
451   0.625256  
452   0.625829  
453   0.626399  
454   0.626969  
455   0.627537  
456   0.628103  
457   0.628668  
458   0.629231  
459   0.629792  
460   0.630353  
461   0.630911  
462   0.631468  
463   0.632023  
464   0.632578  
465   0.63313  
466   0.633681  
467   0.63423  
468   0.634779  
469   0.635325  
470   0.63587  
471   0.636413  
472   0.636955  
473   0.637496  
474   0.638035  
475   0.638572  
476   0.639108  
477   0.639643  
478   0.640176  
479   0.640708  
480   0.641238  
481   0.641767  
482   0.642294  
483   0.64282  
484   0.643344  
485   0.643867  
486   0.644389  
487   0.644909  
488   0.645428  
489   0.645945  
490   0.646461  
491   0.646975  
492   0.647488  
493   0.648  
494   0.64851  
495   0.649019  
496   0.649527  
497   0.650033  
498   0.650538  
499   0.651041  
500   0.651543  
501   0.652043  
502   0.652543  
503   0.65304  
504   0.653537  
505   0.654032  
506   0.654526  
507   0.655018  
508   0.655509  
509   0.655999  
510   0.656487  
511   0.656975  
512   0.65746  
513   0.657945  
514   0.658428  
515   0.65891  
516   0.65939  
517   0.659869  
518   0.660347  
519   0.660823  
520   0.661298  
521   0.661772  
522   0.662245  
523   0.662716  
524   0.663186  
525   0.663655  
526   0.664122  
527   0.664589  
528   0.665053  
529   0.665517  
530   0.665979  
531   0.666441  
532   0.6669  
533   0.667359  
534   0.667816  
535   0.668273  
536   0.668727  
537   0.669181  
538   0.669633  
539   0.670084  
540   0.670534  
541   0.670983  
542   0.67143  
543   0.671877  
544   0.672321  
545   0.672765  
546   0.673207  
547   0.673649  
548   0.674089  
549   0.674528  
550   0.674965  
551   0.675403  
552   0.675837  
553   0.676272  
554   0.676704  
555   0.677137  
556   0.677567  
557   0.677997  
558   0.678424  
559   0.678852  
560   0.679277  
561   0.679703  
562   0.680126  
563   0.680549  
564   0.680969  
565   0.68139  
566   0.681809  
567   0.682227  
568   0.682643  
569   0.683059  
570   0.683473  
571   0.683887  
572   0.684298  
573   0.68471  
574   0.685119  
575   0.685529  
576   0.685936  
577   0.686343  
578   0.686748  
579   0.687152  
580   0.687555  
581   0.687958  
582   0.688358  
583   0.688759  
584   0.689157  
585   0.689555  
586   0.689952  
587   0.690348  
588   0.690744  
589   0.691138  
590   0.691532  
591   0.691926  
592   0.692318  
593   0.69271  
594   0.693102  
595   0.693492  
596   0.693882  
597   0.694271  
598   0.694659  
599   0.695047  
600   0.695434  
601   0.69582  
602   0.696205  
603   0.696591  
604   0.696974  
605   0.697358  
606   0.697741  
607   0.698123  
608   0.698504  
609   0.698885  
610   0.699265  
611   0.699644  
612   0.700023  
613   0.700401  
614   0.700778  
615   0.701155  
616   0.701531  
617   0.701906  
618   0.702281  
619   0.702655  
620   0.703028  
621   0.7034  
622   0.703772  
623   0.704144  
624   0.704514  
625   0.704884  
626   0.705253  
627   0.705622  
628   0.705989  
629   0.706357  
630   0.706723  
631   0.707089  
632   0.707454  
633   0.707819  
634   0.708183  
635   0.708546  
636   0.708908  
637   0.70927  
638   0.709632  
639   0.709992  
640   0.710352  
641   0.710712  
642   0.71107  
643   0.711428  
644   0.711786  
645   0.712142  
646   0.712498  
647   0.712854  
648   0.713208  
649   0.713563  
650   0.713916  
651   0.714269  
652   0.714621  
653   0.714973  
654   0.715324  
655   0.715674  
656   0.716024  
657   0.716373  
658   0.716721  
659   0.717069  
660   0.717416  
661   0.717763  
662   0.718109  
663   0.718454  
664   0.718799  
665   0.719143  
666   0.719486  
667   0.719829  
668   0.720171  
669   0.720512  
670   0.720853  
671   0.721194  
672   0.721533  
673   0.721873  
674   0.722211  
675   0.722549  
676   0.722886  
677   0.723223  
678   0.723559  
679   0.723894  
680   0.724229  
681   0.724563  
682   0.724897  
683   0.72523  
684   0.725562  
685   0.725894  
686   0.726226  
687   0.726556  
688   0.726886  
689   0.727216  
690   0.727544  
691   0.727873  
692   0.7282  
693   0.728527  
694   0.728854  
695   0.72918  
696   0.729505  
697   0.72983  
698   0.730154  
699   0.730477  
700   0.7308  
701   0.731123  
702   0.731444  
703   0.731765  
704   0.732086  
705   0.732406  
706   0.732726  
707   0.733045  
708   0.733363  
709   0.73368  
710   0.733998  
711   0.734314  
712   0.73463  
713   0.734946  
714   0.735261  
715   0.735575  
716   0.735889  
717   0.736202  
718   0.736514  
719   0.736826  
720   0.737138  
721   0.737449  
722   0.737759  
723   0.738069  
724   0.738378  
725   0.738687  
726   0.738995  
727   0.739302  
728   0.739609  
729   0.739916  
730   0.740222  
731   0.740527  
732   0.740832  
733   0.741136  
734   0.74144  
735   0.741743  
736   0.742045  
737   0.742347  
738   0.742649  
739   0.74295  
740   0.74325  
741   0.74355  
742   0.743849  
743   0.744148  
744   0.744447  
745   0.744744  
746   0.745041  
747   0.745338  
748   0.745634  
749   0.745929  
750   0.746225  
751   0.746519  
752   0.746813  
753   0.747107  
754   0.747399  
755   0.747692  
756   0.747984  
757   0.748275  
758   0.748566  
759   0.748856  
760   0.749146  
761   0.749435  
762   0.749724  
763   0.750012  
764   0.750299  
765   0.750587  
766   0.750873  
767   0.751159  
768   0.751445  
769   0.75173  
770   0.752015  
771   0.752299  
772   0.752582  
773   0.752865  
774   0.753148  
775   0.75343  
776   0.753711  
777   0.753992  
778   0.754272  
779   0.754553  
780   0.754832  
781   0.755111  
782   0.755389  
783   0.755667  
784   0.755945  
785   0.756222  
786   0.756498  
787   0.756774  
788   0.75705  
789   0.757325  
790   0.757599  
791   0.757873  
792   0.758146  
793   0.758419  
794   0.758692  
795   0.758964  
796   0.759235  
797   0.759506  
798   0.759777  
799   0.760047  
800   0.760316  
801   0.760585  
802   0.760854  
803   0.761122  
804   0.76139  
805   0.761657  
806   0.761923  
807   0.762189  
808   0.762455  
809   0.76272  
810   0.762985  
811   0.763249  
812   0.763513  
813   0.763776  
814   0.764039  
815   0.764301  
816   0.764563  
817   0.764825  
818   0.765086  
819   0.765346  
820   0.765606  
821   0.765866  
822   0.766124  
823   0.766383  
824   0.766641  
825   0.766899  
826   0.767156  
827   0.767413  
828   0.767669  
829   0.767925  
830   0.76818  
831   0.768435  
832   0.768689  
833   0.768943  
834   0.769196  
835   0.76945  
836   0.769702  
837   0.769954  
838   0.770206  
839   0.770457  
840   0.770708  
841   0.770958  
842   0.771208  
843   0.771457  
844   0.771706  
845   0.771955  
846   0.772203  
847   0.77245  
848   0.772698  
849   0.772944  
850   0.77319  
851   0.773436  
852   0.773682  
853   0.773927  
854   0.774171  
855   0.774415  
856   0.774659  
857   0.774902  
858   0.775144  
859   0.775387  
860   0.775629  
861   0.77587  
862   0.776111  
863   0.776352  
864   0.776592  
865   0.776831  
866   0.777071  
867   0.777309  
868   0.777548  
869   0.777786  
870   0.778023  
871   0.77826  
872   0.778497  
873   0.778733  
874   0.778969  
875   0.779204  
876   0.779439  
877   0.779674  
878   0.779908  
879   0.780142  
880   0.780375  
881   0.780608  
882   0.78084  
883   0.781072  
884   0.781304  
885   0.781535  
886   0.781766  
887   0.781996  
888   0.782226  
889   0.782455  
890   0.782684  
891   0.782913  
892   0.783141  
893   0.783369  
894   0.783597  
895   0.783824  
896   0.78405  
897   0.784277  
898   0.784502  
899   0.784728  
900   0.784953  
901   0.785177  
902   0.785401  
903   0.785625  
904   0.785849  
905   0.786071  
906   0.786294  
907   0.786516  
908   0.786738  
909   0.78696  
910   0.78718  
911   0.787401  
912   0.787621  
913   0.787841  
914   0.78806  
915   0.788279  
916   0.788498  
917   0.788716  
918   0.788934  
919   0.789151  
920   0.789368  
921   0.789585  
922   0.789801  
923   0.790017  
924   0.790232  
925   0.790447  
926   0.790662  
927   0.790876  
928   0.79109  
929   0.791304  
930   0.791517  
931   0.791729  
932   0.791942  
933   0.792154  
934   0.792365  
935   0.792577  
936   0.792788  
937   0.792998  
938   0.793208  
939   0.793418  
940   0.793627  
941   0.793836  
942   0.794045  
943   0.794253  
944   0.79446  
945   0.794668  
946   0.794875  
947   0.795082  
948   0.795288  
949   0.795494  
950   0.795699  
951   0.795905  
952   0.796109  
953   0.796314  
954   0.796518  
955   0.796722  
956   0.796925  
957   0.797128  
958   0.797331  
959   0.797533  
960   0.797735  
961   0.797936  
962   0.798138  
963   0.798339  
964   0.798539  
965   0.798739  
966   0.798939  
967   0.799138  
968   0.799337  
969   0.799536  
970   0.799734  
971   0.799932  
972   0.800129  
973   0.800327  
974   0.800523  
975   0.80072  
976   0.800916  
977   0.801112  
978   0.801307  
979   0.801502  
980   0.801697  
981   0.801892  
982   0.802086  
983   0.802279  
984   0.802473  
985   0.802666  
986   0.802858  
987   0.803051  
988   0.803242  
989   0.803434  
990   0.803625  
991   0.803816  
992   0.804007  
993   0.804197  
994   0.804387  
995   0.804576  
996   0.804766  
997   0.804954  
998   0.805143  
999   0.805331  
1000   0.805519  
1001   0.805706  
1002   0.805894  
1003   0.80608  
1004   0.806267  
1005   0.806453  
1006   0.806639  
1007   0.806824  
1008   0.807009  
1009   0.807194  
1010   0.807379  
1011   0.807563  
1012   0.807747  
1013   0.80793  
1014   0.808113  
1015   0.808296  
1016   0.808479  
1017   0.808661  
1018   0.808843  
1019   0.809024  
1020   0.809205  
1021   0.809386  
1022   0.809567  
1023   0.809747  
1024   0.809927  
1025   0.810106  
1026   0.810285  
1027   0.810464  
1028   0.810643  
1029   0.810821  
1030   0.810999  
1031   0.811177  
1032   0.811354  
1033   0.811531  
1034   0.811708  
1035   0.811884  
1036   0.81206  
1037   0.812236  
1038   0.812411  
1039   0.812586  
1040   0.812761  
1041   0.812935  
1042   0.81311  
1043   0.813283  
1044   0.813457  
1045   0.81363  
1046   0.813803  
1047   0.813975  
1048   0.814148  
1049   0.81432  
1050   0.814491  
1051   0.814663  
1052   0.814834  
1053   0.815004  
1054   0.815175  
1055   0.815345  
1056   0.815515  
1057   0.815684  
1058   0.815853  
1059   0.816022  
1060   0.816191  
1061   0.816359  
1062   0.816527  
1063   0.816695  
1064   0.816863  
1065   0.817031  
1066   0.817198  
1067   0.817365  
1068   0.817532  
1069   0.817698  
1070   0.817865  
1071   0.818031  
1072   0.818197  
1073   0.818363  
1074   0.818528  
1075   0.818694  
1076   0.818859  
1077   0.819024  
1078   0.819188  
1079   0.819353  
1080   0.819517  
1081   0.819681  
1082   0.819845  
1083   0.820008  
1084   0.820172  
1085   0.820335  
1086   0.820497  
1087   0.82066  
1088   0.820823  
1089   0.820985  
1090   0.821147  
1091   0.821309  
1092   0.821471  
1093   0.821632  
1094   0.821793  
1095   0.821954  
1096   0.822115  
1097   0.822275  
1098   0.822436  
1099   0.822596  
1100   0.822756  
1101   0.822915  
1102   0.823075  
1103   0.823234  
1104   0.823393  
1105   0.823552  
1106   0.82371  
1107   0.823869  
1108   0.824027  
1109   0.824185  
1110   0.824343  
1111   0.824501  
1112   0.824658  
1113   0.824815  
1114   0.824972  
1115   0.825129  
1116   0.825286  
1117   0.825442  
1118   0.825598  
1119   0.825754  
1120   0.82591  
1121   0.826065  
1122   0.82622  
1123   0.826375  
1124   0.82653  
1125   0.826685  
1126   0.826839  
1127   0.826994  
1128   0.827148  
1129   0.827302  
1130   0.827455  
1131   0.827609  
1132   0.827762  
1133   0.827915  
1134   0.828068  
1135   0.82822  
1136   0.828373  
1137   0.828525  
1138   0.828677  
1139   0.828829  
1140   0.828981  
1141   0.829132  
1142   0.829283  
1143   0.829434  
1144   0.829585  
1145   0.829736  
1146   0.829886  
1147   0.830036  
1148   0.830186  
1149   0.830336  
1150   0.830486  
1151   0.830635  
1152   0.830784  
1153   0.830934  
1154   0.831082  
1155   0.831231  
1156   0.831379  
1157   0.831528  
1158   0.831676  
1159   0.831823  
1160   0.831971  
1161   0.832119  
1162   0.832266  
1163   0.832413  
1164   0.83256  
1165   0.832706  
1166   0.832853  
1167   0.832999  
1168   0.833145  
1169   0.833291  
1170   0.833437  
1171   0.833582  
1172   0.833728  
1173   0.833873  
1174   0.834018  
1175   0.834162  
1176   0.834307  
1177   0.834451  
1178   0.834595  
1179   0.834739  
1180   0.834883  
1181   0.835027  
1182   0.83517  
1183   0.835313  
1184   0.835456  
1185   0.835599  
1186   0.835742  
1187   0.835884  
1188   0.836026  
1189   0.836169  
1190   0.83631  
1191   0.836452  
1192   0.836594  
1193   0.836735  
1194   0.836876  
1195   0.837017  
1196   0.837158  
1197   0.837298  
1198   0.837439  
1199   0.837579  
1200   0.837719  
1201   0.837859  
1202   0.837998  
1203   0.838138  
1204   0.838277  
1205   0.838416  
1206   0.838555  
1207   0.838694  
1208   0.838832  
1209   0.83897  
1210   0.839109  
1211   0.839247  
1212   0.839384  
1213   0.839522  
1214   0.839659  
1215   0.839797  
1216   0.839934  
1217   0.84007  
1218   0.840207  
1219   0.840344  
1220   0.84048  
1221   0.840616  
1222   0.840752  
1223   0.840888  
1224   0.841023  
1225   0.841159  
1226   0.841294  
1227   0.841429  
1228   0.841564  
1229   0.841699  
1230   0.841833  
1231   0.841968  
1232   0.842102  
1233   0.842236  
1234   0.84237  
1235   0.842503  
1236   0.842637  
1237   0.84277  
1238   0.842903  
1239   0.843036  
1240   0.843169  
1241   0.843301  
1242   0.843434  
1243   0.843566  
1244   0.843698  
1245   0.84383  
1246   0.843962  
1247   0.844093  
1248   0.844225  
1249   0.844356  
1250   0.844487  
1251   0.844617  
1252   0.844748  
1253   0.844879  
1254   0.845009  
1255   0.845139  
1256   0.845269  
1257   0.845399  
1258   0.845528  
1259   0.845658  
1260   0.845787  
1261   0.845916  
1262   0.846045  
1263   0.846174  
1264   0.846303  
1265   0.846431  
1266   0.846559  
1267   0.846687  
1268   0.846815  
1269   0.846943  
1270   0.84707  
1271   0.847198  
1272   0.847325  
1273   0.847452  
1274   0.847579  
1275   0.847706  
1276   0.847832  
1277   0.847959  
1278   0.848085  
1279   0.848211  
1280   0.848337  
1281   0.848462  
1282   0.848588  
1283   0.848714  
1284   0.848839  
1285   0.848964  
1286   0.849089  
1287   0.849213  
1288   0.849338  
1289   0.849462  
1290   0.849586  
1291   0.849711  
1292   0.849834  
1293   0.849958  
1294   0.850082  
1295   0.850205  
1296   0.850328  
1297   0.850451  
1298   0.850574  
1299   0.850697  
1300   0.85082  
1301   0.850942  
1302   0.851064  
1303   0.851186  
1304   0.851308  
1305   0.85143  
1306   0.851552  
1307   0.851673  
1308   0.851794  
1309   0.851916  
1310   0.852037  
1311   0.852157  
1312   0.852278  
1313   0.852398  
1314   0.852519  
1315   0.852639  
1316   0.852759  
1317   0.852879  
1318   0.852998  
1319   0.853118  
1320   0.853237  
1321   0.853357  
1322   0.853476  
1323   0.853595  
1324   0.853713  
1325   0.853832  
1326   0.85395  
1327   0.854069  
1328   0.854187  
1329   0.854305  
1330   0.854422  
1331   0.85454  
1332   0.854658  
1333   0.854775  
1334   0.854892  
1335   0.855009  
1336   0.855126  
1337   0.855243  
1338   0.855359  
1339   0.855475  
1340   0.855592  
1341   0.855708  
1342   0.855824  
1343   0.855939  
1344   0.856055  
1345   0.856171  
1346   0.856286  
1347   0.856401  
1348   0.856516  
1349   0.856631  
1350   0.856746  
1351   0.85686  
1352   0.856975  
1353   0.857089  
1354   0.857203  
1355   0.857317  
1356   0.857431  
1357   0.857544  
1358   0.857658  
1359   0.857771  
1360   0.857885  
1361   0.857997  
1362   0.85811  
1363   0.858223  
1364   0.858336  
1365   0.858448  
1366   0.85856  
1367   0.858673  
1368   0.858785  
1369   0.858896  
1370   0.859008  
1371   0.85912  
1372   0.859231  
1373   0.859342  
1374   0.859453  
1375   0.859564  
1376   0.859675  
1377   0.859786  
1378   0.859896  
1379   0.860007  
1380   0.860117  
1381   0.860227  
1382   0.860337  
1383   0.860447  
1384   0.860556  
1385   0.860666  
1386   0.860775  
1387   0.860884  
1388   0.860994  
1389   0.861103  
1390   0.861211  
1391   0.86132  
1392   0.861428  
1393   0.861537  
1394   0.861645  
1395   0.861753  
1396   0.861861  
1397   0.861969  
1398   0.862076  
1399   0.862184  
1400   0.862291  
1401   0.862398  
1402   0.862505  
1403   0.862612  
1404   0.862719  
1405   0.862826  
1406   0.862932  
1407   0.863038  
1408   0.863145  
1409   0.863251  
1410   0.863357  
1411   0.863462  
1412   0.863568  
1413   0.863674  
1414   0.863779  
1415   0.863884  
1416   0.863989  
1417   0.864094  
1418   0.864199  
1419   0.864304  
1420   0.864408  
1421   0.864513  
1422   0.864617  
1423   0.864721  
1424   0.864825  
1425   0.864929  
1426   0.865032  
1427   0.865136  
1428   0.865239  
1429   0.865343  
1430   0.865446  
1431   0.865549  
1432   0.865652  
1433   0.865755  
1434   0.865857  
1435   0.86596  
1436   0.866062  
1437   0.866164  
1438   0.866266  
1439   0.866368  
1440   0.86647  
1441   0.866572  
1442   0.866673  
1443   0.866775  
1444   0.866876  
1445   0.866977  
1446   0.867078  
1447   0.867179  
1448   0.867279  
1449   0.86738  
1450   0.86748  
1451   0.867581  
1452   0.867681  
1453   0.867781  
1454   0.867881  
1455   0.867981  
1456   0.86808  
1457   0.86818  
1458   0.868279  
1459   0.868379  
1460   0.868478  
1461   0.868577  
1462   0.868675  
1463   0.868774  
1464   0.868873  
1465   0.868971  
1466   0.86907  
1467   0.869168  
1468   0.869266  
1469   0.869364  
1470   0.869462  
1471   0.869559  
1472   0.869657  
1473   0.869754  
1474   0.869852  
1475   0.869949  
1476   0.870046  
1477   0.870143  
1478   0.870239  
1479   0.870336  
1480   0.870433  
1481   0.870529  
1482   0.870625  
1483   0.870722  
1484   0.870818  
1485   0.870913  
1486   0.871009  
1487   0.871105  
1488   0.8712  
1489   0.871296  
1490   0.871391  
1491   0.871486  
1492   0.871581  
1493   0.871676  
1494   0.871771  
1495   0.871865  
1496   0.87196  
1497   0.872054  
1498   0.872148  
1499   0.872243  
1500   0.872337  
1501   0.87243  
1502   0.872524  
1503   0.872618  
1504   0.872711  
1505   0.872805  
1506   0.872898  
1507   0.872991  
1508   0.873084  
1509   0.873177  
1510   0.87327  
1511   0.873362  
1512   0.873455  
1513   0.873547  
1514   0.87364  
1515   0.873732  
1516   0.873824  
1517   0.873916  
1518   0.874007  
1519   0.874099  
1520   0.874191  
1521   0.874282  
1522   0.874373  
1523   0.874465  
1524   0.874556  
1525   0.874647  
1526   0.874737  
1527   0.874828  
1528   0.874919  
1529   0.875009  
1530   0.875099  
1531   0.87519  
1532   0.87528  
1533   0.87537  
1534   0.87546  
1535   0.875549  
1536   0.875639  
1537   0.875728  
1538   0.875818  
1539   0.875907  
1540   0.875996  
1541   0.876085  
1542   0.876174  
1543   0.876263  
1544   0.876352  
1545   0.876441  
1546   0.876529  
1547   0.876618  
1548   0.876706  
1549   0.876795  
1550   0.876883  
1551   0.876971  
1552   0.877059  
1553   0.877147  
1554   0.877235  
1555   0.877323  
1556   0.877411  
1557   0.877498  
1558   0.877586  
1559   0.877673  
1560   0.877761  
1561   0.877848  
1562   0.877935  
1563   0.878022  
1564   0.878109  
1565   0.878196  
1566   0.878283  
1567   0.878369  
1568   0.878456  
1569   0.878543  
1570   0.878629  
1571   0.878715  
1572   0.878802  
1573   0.878888  
1574   0.878974  
1575   0.87906  
1576   0.879146  
1577   0.879232  
1578   0.879317  
1579   0.879403  
1580   0.879488  
1581   0.879574  
1582   0.879659  
1583   0.879744  
1584   0.87983  
1585   0.879915  
1586   0.88  
1587   0.880085  
1588   0.88017  
1589   0.880254  
1590   0.880339  
1591   0.880424  
1592   0.880508  
1593   0.880592  
1594   0.880677  
1595   0.880761  
1596   0.880845  
1597   0.880929  
1598   0.881013  
1599   0.881097  
1600   0.881181  
1601   0.881264  
1602   0.881348  
1603   0.881431  
1604   0.881515  
1605   0.881598  
1606   0.881682  
1607   0.881765  
1608   0.881848  
1609   0.881931  
1610   0.882014  
1611   0.882096  
1612   0.882179  
1613   0.882262  
1614   0.882344  
1615   0.882427  
1616   0.882509  
1617   0.882592  
1618   0.882674  
1619   0.882756  
1620   0.882838  
1621   0.88292  
1622   0.883002  
1623   0.883084  
1624   0.883165  
1625   0.883247  
1626   0.883329  
1627   0.88341  
1628   0.883491  
1629   0.883573  
1630   0.883654  
1631   0.883735  
1632   0.883816  
1633   0.883897  
1634   0.883978  
1635   0.884059  
1636   0.884139  
1637   0.88422  
1638   0.8843  
1639   0.884381  
1640   0.884461  
1641   0.884542  
1642   0.884622  
1643   0.884702  
1644   0.884782  
1645   0.884862  
1646   0.884942  
1647   0.885021  
1648   0.885101  
1649   0.885181  
1650   0.88526  
1651   0.88534  
1652   0.885419  
1653   0.885498  
1654   0.885577  
1655   0.885657  
1656   0.885736  
1657   0.885815  
1658   0.885893  
1659   0.885972  
1660   0.886051  
1661   0.88613  
1662   0.886208  
1663   0.886286  
1664   0.886365  
1665   0.886443  
1666   0.886521  
1667   0.886599  
1668   0.886678  
1669   0.886756  
1670   0.886833  
1671   0.886911  
1672   0.886989  
1673   0.887067  
1674   0.887144  
1675   0.887222  
1676   0.887299  
1677   0.887376  
1678   0.887454  
1679   0.887531  
1680   0.887608  
1681   0.887685  
1682   0.887762  
1683   0.887839  
1684   0.887915  
1685   0.887992  
1686   0.888069  
1687   0.888145  
1688   0.888222  
1689   0.888298  
1690   0.888374  
1691   0.88845  
1692   0.888527  
1693   0.888603  
1694   0.888679  
1695   0.888754  
1696   0.88883  
1697   0.888906  
1698   0.888982  
1699   0.889057  
1700   0.889133  
1701   0.889208  
1702   0.889283  
1703   0.889359  
1704   0.889434  
1705   0.889509  
1706   0.889584  
1707   0.889659  
1708   0.889734  
1709   0.889809  
1710   0.889883  
1711   0.889958  
1712   0.890033  
1713   0.890107  
1714   0.890181  
1715   0.890256  
1716   0.89033  
1717   0.890404  
1718   0.890478  
1719   0.890552  
1720   0.890626  
1721   0.8907  
1722   0.890774  
1723   0.890847  
1724   0.890921  
1725   0.890995  
1726   0.891068  
1727   0.891142  
1728   0.891215  
1729   0.891288  
1730   0.891361  
1731   0.891434  
1732   0.891507  
1733   0.89158  
1734   0.891653  
1735   0.891726  
1736   0.891799  
1737   0.891871  
1738   0.891944  
1739   0.892016  
1740   0.892089  
1741   0.892161  
1742   0.892233  
1743   0.892306  
1744   0.892378  
1745   0.89245  
1746   0.892522  
1747   0.892593  
1748   0.892665  
1749   0.892737  
1750   0.892809  
1751   0.89288  
1752   0.892952  
1753   0.893023  
1754   0.893095  
1755   0.893166  
1756   0.893237  
1757   0.893308  
1758   0.893379  
1759   0.89345  
1760   0.893521  
1761   0.893592  
1762   0.893663  
1763   0.893734  
1764   0.893804  
1765   0.893875  
1766   0.893945  
1767   0.894016  
1768   0.894086  
1769   0.894156  
1770   0.894226  
1771   0.894296  
1772   0.894367  
1773   0.894437  
1774   0.894506  
1775   0.894576  
1776   0.894646  
1777   0.894716  
1778   0.894785  
1779   0.894855  
1780   0.894924  
1781   0.894994  
1782   0.895063  
1783   0.895132  
1784   0.895201  
1785   0.89527  
1786   0.895339  
1787   0.895408  
1788   0.895477  
1789   0.895546  
1790   0.895615  
1791   0.895684  
1792   0.895752  
1793   0.895821  
1794   0.895889  
1795   0.895958  
1796   0.896026  
1797   0.896094  
1798   0.896162  
1799   0.89623  
1800   0.896298  
1801   0.896366  
1802   0.896434  
1803   0.896502  
1804   0.89657  
1805   0.896637  
1806   0.896705  
1807   0.896772  
1808   0.89684  
1809   0.896907  
1810   0.896975  
1811   0.897042  
1812   0.897109  
1813   0.897176  
1814   0.897243  
1815   0.89731  
1816   0.897377  
1817   0.897444  
1818   0.897511  
1819   0.897577  
1820   0.897644  
1821   0.897711  
1822   0.897777  
1823   0.897844  
1824   0.89791  
1825   0.897976  
1826   0.898042  
1827   0.898109  
1828   0.898175  
1829   0.898241  
1830   0.898307  
1831   0.898372  
1832   0.898438  
1833   0.898504  
1834   0.89857  
1835   0.898635  
1836   0.898701  
1837   0.898766  
1838   0.898832  
1839   0.898897  
1840   0.898962  
1841   0.899027  
1842   0.899092  
1843   0.899158  
1844   0.899222  
1845   0.899287  
1846   0.899352  
1847   0.899417  
1848   0.899482  
1849   0.899546  
1850   0.899611  
1851   0.899675  
1852   0.89974  
1853   0.899804  
1854   0.899869  
1855   0.899933  
1856   0.899997  
1857   0.900061  
1858   0.900125  
1859   0.900189  
1860   0.900253  
1861   0.900317  
1862   0.900381  
1863   0.900444  
1864   0.900508  
1865   0.900572  
1866   0.900635  
1867   0.900699  
1868   0.900762  
1869   0.900825  
1870   0.900888  
1871   0.900952  
1872   0.901015  
1873   0.901078  
1874   0.901141  
1875   0.901204  
1876   0.901267  
1877   0.901329  
1878   0.901392  
1879   0.901455  
1880   0.901517  
1881   0.90158  
1882   0.901642  
1883   0.901705  
1884   0.901767  
1885   0.901829  
1886   0.901892  
1887   0.901954  
1888   0.902016  
1889   0.902078  
1890   0.90214  
1891   0.902202  
1892   0.902263  
1893   0.902325  
1894   0.902387  
1895   0.902449  
1896   0.90251  
1897   0.902572  
1898   0.902633  
1899   0.902694  
1900   0.902756  
1901   0.902817  
1902   0.902878  
1903   0.902939  
1904   0.903  
1905   0.903061  
1906   0.903122  
1907   0.903183  
1908   0.903244  
1909   0.903305  
1910   0.903365  
1911   0.903426  
1912   0.903486  
1913   0.903547  
1914   0.903607  
1915   0.903668  
1916   0.903728  
1917   0.903788  
1918   0.903848  
1919   0.903908  
1920   0.903968  
1921   0.904029  
1922   0.904088  
1923   0.904148  
1924   0.904208  
1925   0.904268  
1926   0.904328  
1927   0.904387  
1928   0.904447  
1929   0.904506  
1930   0.904566  
1931   0.904625  
1932   0.904684  
1933   0.904743  
1934   0.904803  
1935   0.904862  
1936   0.904921  
1937   0.90498  
1938   0.905039  
1939   0.905098  
1940   0.905156  
1941   0.905215  
1942   0.905274  
1943   0.905332  
1944   0.905391  
1945   0.90545  
1946   0.905508  
1947   0.905566  
1948   0.905625  
1949   0.905683  
1950   0.905741  
1951   0.905799  
1952   0.905857  
1953   0.905915  
1954   0.905973  
1955   0.906031  
1956   0.906089  
1957   0.906147  
1958   0.906204  
1959   0.906262  
1960   0.90632  
1961   0.906377  
1962   0.906435  
1963   0.906492  
1964   0.90655  
1965   0.906607  
1966   0.906664  
1967   0.906721  
1968   0.906778  
1969   0.906835  
1970   0.906892  
1971   0.906949  
1972   0.907006  
1973   0.907063  
1974   0.90712  
1975   0.907177  
1976   0.907233  
1977   0.90729  
1978   0.907346  
1979   0.907403  
1980   0.907459  
1981   0.907516  
1982   0.907572  
1983   0.907628  
1984   0.907684  
1985   0.90774  
1986   0.907797  
1987   0.907853  
1988   0.907908  
1989   0.907964  
1990   0.90802  
1991   0.908076  
1992   0.908132  
1993   0.908187  
1994   0.908243  
1995   0.908298  
1996   0.908354  
1997   0.908409  
1998   0.908465  
1999   0.90852  
2000   0.908575  
2001   0.90863  
2002   0.908686  
2003   0.908741  
2004   0.908796  
2005   0.908851  
2006   0.908906  
2007   0.90896  
2008   0.909015  
2009   0.90907  
2010   0.909125  
2011   0.909179  
2012   0.909234  
2013   0.909288  
2014   0.909343  
2015   0.909397  
2016   0.909451  
2017   0.909506  
2018   0.90956  
2019   0.909614  
2020   0.909668  
2021   0.909722  
2022   0.909777  
2023   0.909831  
2024   0.909885  
2025   0.909938  
2026   0.909992  
2027   0.910046  
2028   0.9101  
2029   0.910154  
2030   0.910207  
2031   0.910261  
2032   0.910315  
2033   0.910368  
2034   0.910422  
2035   0.910475  
2036   0.910529  
2037   0.910582  
2038   0.910635  
2039   0.910688  
2040   0.910742  
2041   0.910795  
2042   0.910848  
2043   0.910901  
2044   0.910954  
2045   0.911007  
2046   0.91106  
2047   0.911113  
2048   0.911166  
2049   0.911219  
2050   0.911272  
2051   0.911324  
2052   0.911377  
2053   0.91143  
2054   0.911482  
2055   0.911535  
2056   0.911587  
2057   0.91164  
2058   0.911692  
2059   0.911745  
2060   0.911797  
2061   0.911849  
2062   0.911902  
2063   0.911954  
2064   0.912006  
2065   0.912058  
2066   0.91211  
2067   0.912162  
2068   0.912214  
2069   0.912266  
2070   0.912318  
2071   0.91237  
2072   0.912422  
2073   0.912473  
2074   0.912525  
2075   0.912577  
2076   0.912628  
2077   0.91268  
2078   0.912731  
2079   0.912783  
2080   0.912834  
2081   0.912886  
2082   0.912937  
2083   0.912988  
2084   0.91304  
2085   0.913091  
2086   0.913142  
2087   0.913193  
2088   0.913244  
2089   0.913295  
2090   0.913346  
2091   0.913397  
2092   0.913448  
2093   0.913499  
2094   0.91355  
2095   0.913601  
2096   0.913652  
2097   0.913702  
2098   0.913753  
2099   0.913804  
2100   0.913854  
2101   0.913905  
2102   0.913955  
2103   0.914006  
2104   0.914056  
2105   0.914106  
2106   0.914157  
2107   0.914207  
2108   0.914257  
2109   0.914307  
2110   0.914358  
2111   0.914408  
2112   0.914458  
2113   0.914508  
2114   0.914558  
2115   0.914608  
2116   0.914658  
2117   0.914707  
2118   0.914757  
2119   0.914807  
2120   0.914857  
2121   0.914906  
2122   0.914956  
2123   0.915006  
2124   0.915055  
2125   0.915105  
2126   0.915154  
2127   0.915204  
2128   0.915253  
2129   0.915302  
2130   0.915352  
2131   0.915401  
2132   0.91545  
2133   0.915499  
2134   0.915548  
2135   0.915597  
2136   0.915646  
2137   0.915695  
2138   0.915744  
2139   0.915793  
2140   0.915842  
2141   0.915891  
2142   0.91594  
2143   0.915989  
2144   0.916037  
2145   0.916086  
2146   0.916135  
2147   0.916183  
2148   0.916232  
2149   0.91628  
2150   0.916329  
2151   0.916377  
2152   0.916426  
2153   0.916474  
2154   0.916522  
2155   0.916571  
2156   0.916619  
2157   0.916667  
2158   0.916715  
2159   0.916763  
2160   0.916811  
2161   0.916859  
2162   0.916907  
2163   0.916955  
2164   0.917003  
2165   0.917051  
2166   0.917099  
2167   0.917146  
2168   0.917194  
2169   0.917242  
2170   0.91729  
2171   0.917337  
2172   0.917385  
2173   0.917432  
2174   0.91748  
2175   0.917527  
2176   0.917575  
2177   0.917622  
2178   0.917669  
2179   0.917717  
2180   0.917764  
2181   0.917811  
2182   0.917858  
2183   0.917905  
2184   0.917952  
2185   0.917999  
2186   0.918046  
2187   0.918093  
2188   0.91814  
2189   0.918187  
2190   0.918234  
2191   0.918281  
2192   0.918327  
2193   0.918374  
2194   0.918421  
2195   0.918468  
2196   0.918514  
2197   0.918561  
2198   0.918607  
2199   0.918654  
2200   0.9187  
2201   0.918747  
2202   0.918793  
2203   0.918839  
2204   0.918886  
2205   0.918932  
2206   0.918978  
2207   0.919024  
2208   0.91907  
2209   0.919116  
2210   0.919162  
2211   0.919208  
2212   0.919254  
2213   0.9193  
2214   0.919346  
2215   0.919392  
2216   0.919438  
2217   0.919484  
2218   0.919529  
2219   0.919575  
2220   0.919621  
2221   0.919666  
2222   0.919712  
2223   0.919758  
2224   0.919803  
2225   0.919849  
2226   0.919894  
2227   0.919939  
2228   0.919985  
2229   0.92003  
2230   0.920075  
2231   0.92012  
2232   0.920166  
2233   0.920211  
2234   0.920256  
2235   0.920301  
2236   0.920346  
2237   0.920391  
2238   0.920436  
2239   0.920481  
2240   0.920526  
2241   0.920571  
2242   0.920616  
2243   0.92066  
2244   0.920705  
2245   0.92075  
2246   0.920794  
2247   0.920839  
2248   0.920884  
2249   0.920928  
2250   0.920973  
2251   0.921017  
2252   0.921061  
2253   0.921106  
2254   0.92115  
2255   0.921195  
2256   0.921239  
2257   0.921283  
2258   0.921327  
2259   0.921371  
2260   0.921416  
2261   0.92146  
2262   0.921504  
2263   0.921548  
2264   0.921592  
2265   0.921636  
2266   0.92168  
2267   0.921723  
2268   0.921767  
2269   0.921811  
2270   0.921855  
2271   0.921899  
2272   0.921942  
2273   0.921986  
2274   0.922029  
2275   0.922073  
2276   0.922117  
2277   0.92216  
2278   0.922204  
2279   0.922247  
2280   0.92229  
2281   0.922334  
2282   0.922377  
2283   0.92242  
2284   0.922463  
2285   0.922507  
2286   0.92255  
2287   0.922593  
2288   0.922636  
2289   0.922679  
2290   0.922722  
2291   0.922765  
2292   0.922808  
2293   0.922851  
2294   0.922894  
2295   0.922937  
2296   0.922979  
2297   0.923022  
2298   0.923065  
2299   0.923108  
2300   0.92315  
2301   0.923193  
2302   0.923235  
2303   0.923278  
2304   0.92332  
2305   0.923363  
2306   0.923405  
2307   0.923448  
2308   0.92349  
2309   0.923532  
2310   0.923575  
2311   0.923617  
2312   0.923659  
2313   0.923701  
2314   0.923743  
2315   0.923786  
2316   0.923828  
2317   0.92387  
2318   0.923912  
2319   0.923954  
2320   0.923996  
2321   0.924037  
2322   0.924079  
2323   0.924121  
2324   0.924163  
2325   0.924205  
2326   0.924246  
2327   0.924288  
2328   0.92433  
2329   0.924371  
2330   0.924413  
2331   0.924454  
2332   0.924496  
2333   0.924537  
2334   0.924579  
2335   0.92462  
2336   0.924662  
2337   0.924703  
2338   0.924744  
2339   0.924785  
2340   0.924827  
2341   0.924868  
2342   0.924909  
2343   0.92495  
2344   0.924991  
2345   0.925032  
2346   0.925073  
2347   0.925114  
2348   0.925155  
2349   0.925196  
2350   0.925237  
2351   0.925278  
2352   0.925319  
2353   0.925359  
2354   0.9254  
2355   0.925441  
2356   0.925481  
2357   0.925522  
2358   0.925563  
2359   0.925603  
2360   0.925644  
2361   0.925684  
2362   0.925725  
2363   0.925765  
2364   0.925805  
2365   0.925846  
2366   0.925886  
2367   0.925926  
2368   0.925967  
2369   0.926007  
2370   0.926047  
2371   0.926087  
2372   0.926127  
2373   0.926167  
2374   0.926207  
2375   0.926247  
2376   0.926287  
2377   0.926327  
2378   0.926367  
2379   0.926407  
2380   0.926447  
2381   0.926487  
2382   0.926526  
2383   0.926566  
2384   0.926606  
2385   0.926646  
2386   0.926685  
2387   0.926725  
2388   0.926764  
2389   0.926804  
2390   0.926843  
2391   0.926883  
2392   0.926922  
2393   0.926962  
2394   0.927001  
2395   0.92704  
2396   0.92708  
2397   0.927119  
2398   0.927158  
2399   0.927197  
2400   0.927237  
2401   0.927276  
2402   0.927315  
2403   0.927354  
2404   0.927393  
2405   0.927432  
2406   0.927471  
2407   0.92751  
2408   0.927549  
2409   0.927588  
2410   0.927626  
2411   0.927665  
2412   0.927704  
2413   0.927743  
2414   0.927781  
2415   0.92782  
2416   0.927859  
2417   0.927897  
2418   0.927936  
2419   0.927974  
2420   0.928013  
2421   0.928051  
2422   0.92809  
2423   0.928128  
2424   0.928167  
2425   0.928205  
2426   0.928243  
2427   0.928282  
2428   0.92832  
2429   0.928358  
2430   0.928396  
2431   0.928434  
2432   0.928472  
2433   0.92851  
2434   0.928549  
2435   0.928587  
2436   0.928625  
2437   0.928662  
2438   0.9287  
2439   0.928738  
2440   0.928776  
2441   0.928814  
2442   0.928852  
2443   0.92889  
2444   0.928927  
2445   0.928965  
2446   0.929003  
2447   0.92904  
2448   0.929078  
2449   0.929115  
2450   0.929153  
2451   0.92919  
2452   0.929228  
2453   0.929265  
2454   0.929303  
2455   0.92934  
2456   0.929377  
2457   0.929415  
2458   0.929452  
2459   0.929489  
2460   0.929526  
2461   0.929564  
2462   0.929601  
2463   0.929638  
2464   0.929675  
2465   0.929712  
2466   0.929749  
2467   0.929786  
2468   0.929823  
2469   0.92986  
2470   0.929897  
2471   0.929934  
2472   0.929971  
2473   0.930007  
2474   0.930044  
2475   0.930081  
2476   0.930118  
2477   0.930154  
2478   0.930191  
2479   0.930228  
2480   0.930264  
2481   0.930301  
2482   0.930337  
2483   0.930374  
2484   0.93041  
2485   0.930447  
2486   0.930483  
2487   0.930519  
2488   0.930556  
2489   0.930592  
2490   0.930628  
2491   0.930664  
2492   0.930701  
2493   0.930737  
2494   0.930773  
2495   0.930809  
2496   0.930845  
2497   0.930881  
2498   0.930917  
2499   0.930953  
2500   0.930989  
2501   0.931025  
2502   0.931061  
2503   0.931097  
2504   0.931133  
2505   0.931169  
2506   0.931204  
2507   0.93124  
2508   0.931276  
2509   0.931312  
2510   0.931347  
2511   0.931383  
2512   0.931419  
2513   0.931454  
2514   0.93149  
2515   0.931525  
2516   0.931561  
2517   0.931596  
2518   0.931631  
2519   0.931667  
2520   0.931702  
2521   0.931738  
2522   0.931773  
2523   0.931808  
2524   0.931843  
2525   0.931879  
2526   0.931914  
2527   0.931949  
2528   0.931984  
2529   0.932019  
2530   0.932054  
2531   0.932089  
2532   0.932124  
2533   0.932159  
2534   0.932194  
2535   0.932229  
2536   0.932264  
2537   0.932299  
2538   0.932334  
2539   0.932368  
2540   0.932403  
2541   0.932438  
2542   0.932473  
2543   0.932507  
2544   0.932542  
2545   0.932577  
2546   0.932611  
2547   0.932646  
2548   0.932681  
2549   0.932715  
2550   0.93275  
2551   0.932784  
2552   0.932819  
2553   0.932853  
2554   0.932888  
2555   0.932922  
2556   0.932956  
2557   0.932991  
2558   0.933025  
2559   0.933059  
2560   0.933094  
2561   0.933128  
2562   0.933162  
2563   0.933196  
2564   0.933231  
2565   0.933265  
2566   0.933299  
2567   0.933333  
2568   0.933367  
2569   0.933401  
2570   0.933435  
2571   0.933469  
2572   0.933503  
2573   0.933537  
2574   0.933571  
2575   0.933605  
2576   0.933639  
2577   0.933673  
2578   0.933707  
2579   0.93374  
2580   0.933774  
2581   0.933808  
2582   0.933842  
2583   0.933875  
2584   0.933909  
2585   0.933943  
2586   0.933977  
2587   0.93401  
2588   0.934044  
2589   0.934077  
2590   0.934111  
2591   0.934144  
2592   0.934178  
2593   0.934211  
2594   0.934245  
2595   0.934278  
2596   0.934312  
2597   0.934345  
2598   0.934378  
2599   0.934412  
2600   0.934445  
2601   0.934478  
2602   0.934512  
2603   0.934545  
2604   0.934578  
2605   0.934611  
2606   0.934645  
2607   0.934678  
2608   0.934711  
2609   0.934744  
2610   0.934777  
2611   0.93481  
2612   0.934843  
2613   0.934876  
2614   0.934909  
2615   0.934942  
2616   0.934975  
2617   0.935008  
2618   0.935041  
2619   0.935074  
2620   0.935106  
2621   0.935139  
2622   0.935172  
2623   0.935205  
2624   0.935238  
2625   0.93527  
2626   0.935303  
2627   0.935336  
2628   0.935368  
2629   0.935401  
2630   0.935434  
2631   0.935466  
2632   0.935499  
2633   0.935531  
2634   0.935564  
2635   0.935596  
2636   0.935629  
2637   0.935661  
2638   0.935694  
2639   0.935726  
2640   0.935758  
2641   0.935791  
2642   0.935823  
2643   0.935855  
2644   0.935888  
2645   0.93592  
2646   0.935952  
2647   0.935984  
2648   0.936016  
2649   0.936049  
2650   0.936081  
2651   0.936113  
2652   0.936145  
2653   0.936177  
2654   0.936209  
2655   0.936241  
2656   0.936273  
2657   0.936305  
2658   0.936337  
2659   0.936369  
2660   0.936401  
2661   0.936433  
2662   0.936465  
2663   0.936496  
2664   0.936528  
2665   0.93656  
2666   0.936592  
2667   0.936624  
2668   0.936655  
2669   0.936687  
2670   0.936719  
2671   0.93675  
2672   0.936782  
2673   0.936814  
2674   0.936845  
2675   0.936877  
2676   0.936908  
2677   0.93694  
2678   0.936971  
2679   0.937003  
2680   0.937034  
2681   0.937066  
2682   0.937097  
2683   0.937128  
2684   0.93716  
2685   0.937191  
2686   0.937222  
2687   0.937254  
2688   0.937285  
2689   0.937316  
2690   0.937347  
2691   0.937379  
2692   0.93741  
2693   0.937441  
2694   0.937472  
2695   0.937503  
2696   0.937534  
2697   0.937565  
2698   0.937596  
2699   0.937628  
2700   0.937659  
2701   0.937689  
2702   0.93772  
2703   0.937751  
2704   0.937782  
2705   0.937813  
2706   0.937844  
2707   0.937875  
2708   0.937906  
2709   0.937937  
2710   0.937967  
2711   0.937998  
2712   0.938029  
2713   0.93806  
2714   0.93809  
2715   0.938121  
2716   0.938151  
2717   0.938182  
2718   0.938213  
2719   0.938243  
2720   0.938274  
2721   0.938304  
2722   0.938335  
2723   0.938365  
2724   0.938396  
2725   0.938426  
2726   0.938457  
2727   0.938487  
2728   0.938518  
2729   0.938548  
2730   0.938578  
2731   0.938609  
2732   0.938639  
2733   0.938669  
2734   0.9387  
2735   0.93873  
2736   0.93876  
2737   0.93879  
2738   0.93882  
2739   0.93885  
2740   0.938881  
2741   0.938911  
2742   0.938941  
2743   0.938971  
2744   0.939001  
2745   0.939031  
2746   0.939061  
2747   0.939091  
2748   0.939121  
2749   0.939151  
2750   0.939181  
2751   0.93921  
2752   0.93924  
2753   0.93927  
2754   0.9393  
2755   0.93933  
2756   0.93936  
2757   0.939389  
2758   0.939419  
2759   0.939449  
2760   0.939478  
2761   0.939508  
2762   0.939538  
2763   0.939567  
2764   0.939597  
2765   0.939627  
2766   0.939656  
2767   0.939686  
2768   0.939715  
2769   0.939745  
2770   0.939774  
2771   0.939804  
2772   0.939833  
2773   0.939863  
2774   0.939892  
2775   0.939921  
2776   0.939951  
2777   0.93998  
2778   0.940009  
2779   0.940039  
2780   0.940068  
2781   0.940097  
2782   0.940126  
2783   0.940156  
2784   0.940185  
2785   0.940214  
2786   0.940243  
2787   0.940272  
2788   0.940301  
2789   0.94033  
2790   0.940359  
2791   0.940389  
2792   0.940418  
2793   0.940447  
2794   0.940476  
2795   0.940504  
2796   0.940533  
2797   0.940562  
2798   0.940591  
2799   0.94062  
2800   0.940649  
2801   0.940678  
2802   0.940707  
2803   0.940735  
2804   0.940764  
2805   0.940793  
2806   0.940822  
2807   0.94085  
2808   0.940879  
2809   0.940908  
2810   0.940936  
2811   0.940965  
2812   0.940994  
2813   0.941022  
2814   0.941051  
2815   0.941079  
2816   0.941108  
2817   0.941136  
2818   0.941165  
2819   0.941193  
2820   0.941222  
2821   0.94125  
2822   0.941278  
2823   0.941307  
2824   0.941335  
2825   0.941364  
2826   0.941392  
2827   0.94142  
2828   0.941448  
2829   0.941477  
2830   0.941505  
2831   0.941533  
2832   0.941561  
2833   0.94159  
2834   0.941618  
2835   0.941646  
2836   0.941674  
2837   0.941702  
2838   0.94173  
2839   0.941758  
2840   0.941786  
2841   0.941814  
2842   0.941842  
2843   0.94187  
2844   0.941898  
2845   0.941926  
2846   0.941954  
2847   0.941982  
2848   0.94201  
2849   0.942038  
2850   0.942065  
2851   0.942093  
2852   0.942121  
2853   0.942149  
2854   0.942177  
2855   0.942204  
2856   0.942232  
2857   0.94226  
2858   0.942287  
2859   0.942315  
2860   0.942343  
2861   0.94237  
2862   0.942398  
2863   0.942425  
2864   0.942453  
2865   0.942481  
2866   0.942508  
2867   0.942536  
2868   0.942563  
2869   0.94259  
2870   0.942618  
2871   0.942645  
2872   0.942673  
2873   0.9427  
2874   0.942728  
2875   0.942755  
2876   0.942782  
2877   0.942809  
2878   0.942837  
2879   0.942864  
2880   0.942891  
2881   0.942918  
2882   0.942946  
2883   0.942973  
2884   0.943  
2885   0.943027  
2886   0.943054  
2887   0.943081  
2888   0.943108  
2889   0.943136  
2890   0.943163  
2891   0.94319  
2892   0.943217  
2893   0.943244  
2894   0.943271  
2895   0.943297  
2896   0.943324  
2897   0.943351  
2898   0.943378  
2899   0.943405  
2900   0.943432  
2901   0.943459  
2902   0.943486  
2903   0.943512  
2904   0.943539  
2905   0.943566  
2906   0.943593  
2907   0.943619  
2908   0.943646  
2909   0.943673  
2910   0.943699  
2911   0.943726  
2912   0.943753  
2913   0.943779  
2914   0.943806  
2915   0.943832  
2916   0.943859  
2917   0.943885  
2918   0.943912  
2919   0.943938  
2920   0.943965  
2921   0.943991  
2922   0.944018  
2923   0.944044  
2924   0.944071  
2925   0.944097  
2926   0.944123  
2927   0.94415  
2928   0.944176  
2929   0.944202  
2930   0.944229  
2931   0.944255  
2932   0.944281  
2933   0.944307  
2934   0.944333  
2935   0.94436  
2936   0.944386  
2937   0.944412  
2938   0.944438  
2939   0.944464  
2940   0.94449  
2941   0.944516  
2942   0.944542  
2943   0.944568  
2944   0.944595  
2945   0.94462  
2946   0.944646  
2947   0.944672  
2948   0.944698  
2949   0.944724  
2950   0.94475  
2951   0.944776  
2952   0.944802  
2953   0.944828  
2954   0.944854  
2955   0.944879  
2956   0.944905  
2957   0.944931  
2958   0.944957  
2959   0.944982  
2960   0.945008  
2961   0.945034  
2962   0.94506  
2963   0.945085  
2964   0.945111  
2965   0.945137  
2966   0.945162  
2967   0.945188  
2968   0.945213  
2969   0.945239  
2970   0.945264  
2971   0.94529  
2972   0.945315  
2973   0.945341  
2974   0.945366  
2975   0.945392  
2976   0.945417  
2977   0.945443  
2978   0.945468  
2979   0.945493  
2980   0.945519  
2981   0.945544  
2982   0.945569  
2983   0.945595  
2984   0.94562  
2985   0.945645  
2986   0.94567  
2987   0.945696  
2988   0.945721  
2989   0.945746  
2990   0.945771  
2991   0.945796  
2992   0.945822  
2993   0.945847  
2994   0.945872  
2995   0.945897  
2996   0.945922  
2997   0.945947  
2998   0.945972  
2999   0.945997  
3000   0.946022  
3001   0.946047  
3002   0.946072  
3003   0.946097  
3004   0.946122  
3005   0.946147  
3006   0.946171  
3007   0.946196  
3008   0.946221  
3009   0.946246  
3010   0.946271  
3011   0.946296  
3012   0.94632  
3013   0.946345  
3014   0.94637  
3015   0.946395  
3016   0.946419  
3017   0.946444  
3018   0.946469  
3019   0.946493  
3020   0.946518  
3021   0.946543  
3022   0.946567  
3023   0.946592  
3024   0.946616  
3025   0.946641  
3026   0.946665  
3027   0.94669  
3028   0.946714  
3029   0.946739  
3030   0.946763  
3031   0.946788  
3032   0.946812  
3033   0.946837  
3034   0.946861  
3035   0.946885  
3036   0.94691  
3037   0.946934  
3038   0.946958  
3039   0.946983  
3040   0.947007  
3041   0.947031  
3042   0.947056  
3043   0.94708  
3044   0.947104  
3045   0.947128  
3046   0.947152  
3047   0.947176  
3048   0.947201  
3049   0.947225  
3050   0.947249  
3051   0.947273  
3052   0.947297  
3053   0.947321  
3054   0.947345  
3055   0.947369  
3056   0.947393  
3057   0.947417  
3058   0.947441  
3059   0.947465  
3060   0.947489  
3061   0.947513  
3062   0.947537  
3063   0.947561  
3064   0.947585  
3065   0.947608  
3066   0.947632  
3067   0.947656  
3068   0.94768  
3069   0.947704  
3070   0.947727  
3071   0.947751  
3072   0.947775  
3073   0.947799  
3074   0.947822  
3075   0.947846  
3076   0.94787  
3077   0.947893  
3078   0.947917  
3079   0.94794  
3080   0.947964  
3081   0.947988  
3082   0.948011  
3083   0.948035  
3084   0.948058  
3085   0.948082  
3086   0.948105  
3087   0.948129  
3088   0.948152  
3089   0.948176  
3090   0.948199  
3091   0.948223  
3092   0.948246  
3093   0.948269  
3094   0.948293  
3095   0.948316  
3096   0.948339  
3097   0.948363  
3098   0.948386  
3099   0.948409  
3100   0.948433  
3101   0.948456  
3102   0.948479  
3103   0.948502  
3104   0.948526  
3105   0.948549  
3106   0.948572  
3107   0.948595  
3108   0.948618  
3109   0.948642  
3110   0.948665  
3111   0.948688  
3112   0.948711  
3113   0.948734  
3114   0.948757  
3115   0.94878  
3116   0.948803  
3117   0.948826  
3118   0.948849  
3119   0.948872  
3120   0.948895  
3121   0.948918  
3122   0.948941  
3123   0.948964  
3124   0.948987  
3125   0.94901  
3126   0.949033  
3127   0.949056  
3128   0.949079  
3129   0.949102  
3130   0.949125  
3131   0.949147  
3132   0.94917  
3133   0.949193  
3134   0.949216  
3135   0.949239  
3136   0.949261  
3137   0.949284  
3138   0.949307  
3139   0.94933  
3140   0.949352  
3141   0.949375  
3142   0.949398  
3143   0.94942  
3144   0.949443  
3145   0.949466  
3146   0.949488  
3147   0.949511  
3148   0.949534  
3149   0.949556  
3150   0.949579  
3151   0.949601  
3152   0.949624  
3153   0.949646  
3154   0.949669  
3155   0.949692  
3156   0.949714  
3157   0.949736  
3158   0.949759  
3159   0.949781  
3160   0.949804  
3161   0.949826  
3162   0.949849  
3163   0.949871  
3164   0.949893  
3165   0.949916  
3166   0.949938  
3167   0.949961  
3168   0.949983  
3169   0.950005  
3170   0.950027  
3171   0.95005  
3172   0.950072  
3173   0.950094  
3174   0.950117  
3175   0.950139  
3176   0.950161  
3177   0.950183  
3178   0.950205  
3179   0.950228  
3180   0.95025  
3181   0.950272  
3182   0.950294  
3183   0.950316  
3184   0.950338  
3185   0.95036  
3186   0.950382  
3187   0.950405  
3188   0.950427  
3189   0.950449  
3190   0.950471  
3191   0.950493  
3192   0.950515  
3193   0.950537  
3194   0.950559  
3195   0.950581  
3196   0.950602  
3197   0.950624  
3198   0.950646  
3199   0.950668  
3200   0.95069  
3201   0.950712  
3202   0.950734  
3203   0.950756  
3204   0.950778  
3205   0.950799  
3206   0.950821  
3207   0.950843  
3208   0.950865  
3209   0.950887  
3210   0.950908  
3211   0.95093  
3212   0.950952  
3213   0.950973  
3214   0.950995  
3215   0.951017  
3216   0.951039  
3217   0.95106  
3218   0.951082  
3219   0.951104  
3220   0.951125  
3221   0.951147  
3222   0.951168  
3223   0.95119  
3224   0.951211  
3225   0.951233  
3226   0.951255  
3227   0.951276  
3228   0.951298  
3229   0.951319  
3230   0.951341  
3231   0.951362  
3232   0.951384  
3233   0.951405  
3234   0.951426  
3235   0.951448  
3236   0.951469  
3237   0.951491  
3238   0.951512  
3239   0.951533  
3240   0.951555  
3241   0.951576  
3242   0.951597  
3243   0.951619  
3244   0.95164  
3245   0.951661  
3246   0.951683  
3247   0.951704  
3248   0.951725  
3249   0.951746  
3250   0.951768  
3251   0.951789  
3252   0.95181  
3253   0.951831  
3254   0.951852  
3255   0.951874  
3256   0.951895  
3257   0.951916  
3258   0.951937  
3259   0.951958  
3260   0.951979  
3261   0.952  
3262   0.952021  
3263   0.952042  
3264   0.952063  
3265   0.952084  
3266   0.952105  
3267   0.952126  
3268   0.952147  
3269   0.952168  
3270   0.952189  
3271   0.95221  
3272   0.952231  
3273   0.952252  
3274   0.952273  
3275   0.952294  
3276   0.952315  
3277   0.952336  
3278   0.952357  
3279   0.952377  
3280   0.952398  
3281   0.952419  
3282   0.95244  
3283   0.952461  
3284   0.952481  
3285   0.952502  
3286   0.952523  
3287   0.952544  
3288   0.952565  
3289   0.952585  
3290   0.952606  
3291   0.952627  
3292   0.952647  
3293   0.952668  
3294   0.952689  
3295   0.952709  
3296   0.95273  
3297   0.952751  
3298   0.952771  
3299   0.952792  
3300   0.952812  
3301   0.952833  
3302   0.952853  
3303   0.952874  
3304   0.952894  
3305   0.952915  
3306   0.952935  
3307   0.952956  
3308   0.952976  
3309   0.952997  
3310   0.953017  
3311   0.953038  
3312   0.953058  
3313   0.953079  
3314   0.953099  
3315   0.953119  
3316   0.95314  
3317   0.95316  
3318   0.953181  
3319   0.953201  
3320   0.953221  
3321   0.953241  
3322   0.953262  
3323   0.953282  
3324   0.953302  
3325   0.953323  
3326   0.953343  
3327   0.953363  
3328   0.953383  
3329   0.953404  
3330   0.953424  
3331   0.953444  
3332   0.953464  
3333   0.953484  
3334   0.953504  
3335   0.953525  
3336   0.953545  
3337   0.953565  
3338   0.953585  
3339   0.953605  
3340   0.953625  
3341   0.953645  
3342   0.953665  
3343   0.953685  
3344   0.953705  
3345   0.953725  
3346   0.953745  
3347   0.953765  
3348   0.953785  
3349   0.953805  
3350   0.953825  
3351   0.953845  
3352   0.953865  
3353   0.953885  
3354   0.953905  
3355   0.953925  
3356   0.953945  
3357   0.953964  
3358   0.953984  
3359   0.954004  
3360   0.954024  
3361   0.954044  
3362   0.954064  
3363   0.954083  
3364   0.954103  
3365   0.954123  
3366   0.954143  
3367   0.954162  
3368   0.954182  
3369   0.954202  
3370   0.954222  
3371   0.954241  
3372   0.954261  
3373   0.954281  
3374   0.9543  
3375   0.95432  
3376   0.95434  
3377   0.954359  
3378   0.954379  
3379   0.954398  
3380   0.954418  
3381   0.954438  
3382   0.954457  
3383   0.954477  
3384   0.954496  
3385   0.954516  
3386   0.954535  
3387   0.954555  
3388   0.954574  
3389   0.954594  
3390   0.954613  
3391   0.954633  
3392   0.954652  
3393   0.954672  
3394   0.954691  
3395   0.95471  
3396   0.95473  
3397   0.954749  
3398   0.954768  
3399   0.954788  
3400   0.954807  
3401   0.954827  
3402   0.954846  
3403   0.954865  
3404   0.954884  
3405   0.954904  
3406   0.954923  
3407   0.954942  
3408   0.954962  
3409   0.954981  
3410   0.955  
3411   0.955019  
3412   0.955038  
3413   0.955058  
3414   0.955077  
3415   0.955096  
3416   0.955115  
3417   0.955134  
3418   0.955153  
3419   0.955172  
3420   0.955192  
3421   0.955211  
3422   0.95523  
3423   0.955249  
3424   0.955268  
3425   0.955287  
3426   0.955306  
3427   0.955325  
3428   0.955344  
3429   0.955363  
3430   0.955382  
3431   0.955401  
3432   0.95542  
3433   0.955439  
3434   0.955458  
3435   0.955477  
3436   0.955496  
3437   0.955515  
3438   0.955533  
3439   0.955552  
3440   0.955571  
3441   0.95559  
3442   0.955609  
3443   0.955628  
3444   0.955647  
3445   0.955665  
3446   0.955684  
3447   0.955703  
3448   0.955722  
3449   0.955741  
3450   0.955759  
3451   0.955778  
3452   0.955797  
3453   0.955816  
3454   0.955834  
3455   0.955853  
3456   0.955872  
3457   0.95589  
3458   0.955909  
3459   0.955928  
3460   0.955946  
3461   0.955965  
3462   0.955983  
3463   0.956002  
3464   0.956021  
3465   0.956039  
3466   0.956058  
3467   0.956076  
3468   0.956095  
3469   0.956113  
3470   0.956132  
3471   0.95615  
3472   0.956169  
3473   0.956187  
3474   0.956206  
3475   0.956224  
3476   0.956243  
3477   0.956261  
3478   0.95628  
3479   0.956298  
3480   0.956317  
3481   0.956335  
3482   0.956353  
3483   0.956372  
3484   0.95639  
3485   0.956409  
3486   0.956427  
3487   0.956445  
3488   0.956463  
3489   0.956482  
3490   0.9565  
3491   0.956518  
3492   0.956537  
3493   0.956555  
3494   0.956573  
3495   0.956591  
3496   0.95661  
3497   0.956628  
3498   0.956646  
3499   0.956664  
3500   0.956682  
3501   0.956701  
3502   0.956719  
3503   0.956737  
3504   0.956755  
3505   0.956773  
3506   0.956791  
3507   0.956809  
3508   0.956827  
3509   0.956846  
3510   0.956864  
3511   0.956882  
3512   0.9569  
3513   0.956918  
3514   0.956936  
3515   0.956954  
3516   0.956972  
3517   0.95699  
3518   0.957008  
3519   0.957026  
3520   0.957044  
3521   0.957062  
3522   0.95708  
3523   0.957098  
3524   0.957115  
3525   0.957133  
3526   0.957151  
3527   0.957169  
3528   0.957187  
3529   0.957205  
3530   0.957223  
3531   0.957241  
3532   0.957258  
3533   0.957276  
3534   0.957294  
3535   0.957312  
3536   0.95733  
3537   0.957347  
3538   0.957365  
3539   0.957383  
3540   0.957401  
3541   0.957418  
3542   0.957436  
3543   0.957454  
3544   0.957472  
3545   0.957489  
3546   0.957507  
3547   0.957525  
3548   0.957542  
3549   0.95756  
3550   0.957577  
3551   0.957595  
3552   0.957613  
3553   0.95763  
3554   0.957648  
3555   0.957665  
3556   0.957683  
3557   0.957701  
3558   0.957718  
3559   0.957736  
3560   0.957753  
3561   0.957771  
3562   0.957788  
3563   0.957806  
3564   0.957823  
3565   0.957841  
3566   0.957858  
3567   0.957876  
3568   0.957893  
3569   0.95791  
3570   0.957928  
3571   0.957945  
3572   0.957963  
3573   0.95798  
3574   0.957997  
3575   0.958015  
3576   0.958032  
3577   0.958049  
3578   0.958067  
3579   0.958084  
3580   0.958101  
3581   0.958119  
3582   0.958136  
3583   0.958153  
3584   0.95817  
3585   0.958188  
3586   0.958205  
3587   0.958222  
3588   0.958239  
3589   0.958257  
3590   0.958274  
3591   0.958291  
3592   0.958308  
3593   0.958325  
3594   0.958342  
3595   0.95836  
3596   0.958377  
3597   0.958394  
3598   0.958411  
3599   0.958428  
3600   0.958445  
3601   0.958462  
3602   0.958479  
3603   0.958496  
3604   0.958513  
3605   0.958531  
3606   0.958548  
3607   0.958565  
3608   0.958582  
3609   0.958599  
3610   0.958616  
3611   0.958633  
3612   0.95865  
3613   0.958666  
3614   0.958683  
3615   0.9587  
3616   0.958717  
3617   0.958734  
3618   0.958751  
3619   0.958768  
3620   0.958785  
3621   0.958802  
3622   0.958819  
3623   0.958835  
3624   0.958852  
3625   0.958869  
3626   0.958886  
3627   0.958903  
3628   0.95892  
3629   0.958936  
3630   0.958953  
3631   0.95897  
3632   0.958987  
3633   0.959003  
3634   0.95902  
3635   0.959037  
3636   0.959054  
3637   0.95907  
3638   0.959087  
3639   0.959104  
3640   0.95912  
3641   0.959137  
3642   0.959154  
3643   0.95917  
3644   0.959187  
3645   0.959204  
3646   0.95922  
3647   0.959237  
3648   0.959254  
3649   0.95927  
3650   0.959287  
3651   0.959303  
3652   0.95932  
3653   0.959337  
3654   0.959353  
3655   0.95937  
3656   0.959386  
3657   0.959403  
3658   0.959419  
3659   0.959436  
3660   0.959452  
3661   0.959469  
3662   0.959485  
3663   0.959502  
3664   0.959518  
3665   0.959535  
3666   0.959551  
3667   0.959568  
3668   0.959584  
3669   0.9596  
3670   0.959617  
3671   0.959633  
3672   0.95965  
3673   0.959666  
3674   0.959682  
3675   0.959699  
3676   0.959715  
3677   0.959732  
3678   0.959748  
3679   0.959764  
3680   0.959781  
3681   0.959797  
3682   0.959813  
3683   0.959829  
3684   0.959846  
3685   0.959862  
3686   0.959878  
3687   0.959895  
3688   0.959911  
3689   0.959927  
3690   0.959943  
3691   0.95996  
3692   0.959976  
3693   0.959992  
3694   0.960008  
3695   0.960024  
3696   0.960041  
3697   0.960057  
3698   0.960073  
3699   0.960089  
3700   0.960105  
3701   0.960121  
3702   0.960138  
3703   0.960154  
3704   0.96017  
3705   0.960186  
3706   0.960202  
3707   0.960218  
3708   0.960234  
3709   0.96025  
3710   0.960266  
3711   0.960282  
3712   0.960298  
3713   0.960314  
3714   0.960331  
3715   0.960347  
3716   0.960363  
3717   0.960379  
3718   0.960395  
3719   0.960411  
3720   0.960427  
3721   0.960442  
3722   0.960458  
3723   0.960474  
3724   0.96049  
3725   0.960506  
3726   0.960522  
3727   0.960538  
3728   0.960554  
3729   0.96057  
3730   0.960586  
3731   0.960602  
3732   0.960618  
3733   0.960633  
3734   0.960649  
3735   0.960665  
3736   0.960681  
3737   0.960697  
3738   0.960713  
3739   0.960728  
3740   0.960744  
3741   0.96076  
3742   0.960776  
3743   0.960792  
3744   0.960807  
3745   0.960823  
3746   0.960839  
3747   0.960855  
3748   0.96087  
3749   0.960886  
3750   0.960902  
3751   0.960918  
3752   0.960933  
3753   0.960949  
3754   0.960965  
3755   0.96098  
3756   0.960996  
3757   0.961012  
3758   0.961027  
3759   0.961043  
3760   0.961059  
3761   0.961074  
3762   0.96109  
3763   0.961105  
3764   0.961121  
3765   0.961137  
3766   0.961152  
3767   0.961168  
3768   0.961183  
3769   0.961199  
3770   0.961215  
3771   0.96123  
3772   0.961246  
3773   0.961261  
3774   0.961277  
3775   0.961292  
3776   0.961308  
3777   0.961323  
3778   0.961339  
3779   0.961354  
3780   0.96137  
3781   0.961385  
3782   0.9614  
3783   0.961416  
3784   0.961431  
3785   0.961447  
3786   0.961462  
3787   0.961478  
3788   0.961493  
3789   0.961508  
3790   0.961524  
3791   0.961539  
3792   0.961555  
3793   0.96157  
3794   0.961585  
3795   0.961601  
3796   0.961616  
3797   0.961631  
3798   0.961647  
3799   0.961662  
3800   0.961677  
3801   0.961692  
3802   0.961708  
3803   0.961723  
3804   0.961738  
3805   0.961754  
3806   0.961769  
3807   0.961784  
3808   0.961799  
3809   0.961814  
3810   0.96183  
3811   0.961845  
3812   0.96186  
3813   0.961875  
3814   0.96189  
3815   0.961906  
3816   0.961921  
3817   0.961936  
3818   0.961951  
3819   0.961966  
3820   0.961981  
3821   0.961997  
3822   0.962012  
3823   0.962027  
3824   0.962042  
3825   0.962057  
3826   0.962072  
3827   0.962087  
3828   0.962102  
3829   0.962117  
3830   0.962132  
3831   0.962147  
3832   0.962162  
3833   0.962177  
3834   0.962192  
3835   0.962207  
3836   0.962222  
3837   0.962237  
3838   0.962252  
3839   0.962267  
3840   0.962282  
3841   0.962297  
3842   0.962312  
3843   0.962327  
3844   0.962342  
3845   0.962357  
3846   0.962372  
3847   0.962387  
3848   0.962402  
3849   0.962417  
3850   0.962432  
3851   0.962447  
3852   0.962461  
3853   0.962476  
3854   0.962491  
3855   0.962506  
3856   0.962521  
3857   0.962536  
3858   0.962551  
3859   0.962565  
3860   0.96258  
3861   0.962595  
3862   0.96261  
3863   0.962625  
3864   0.962639  
3865   0.962654  
3866   0.962669  
3867   0.962684  
3868   0.962698  
3869   0.962713  
3870   0.962728  
3871   0.962743  
3872   0.962757  
3873   0.962772  
3874   0.962787  
3875   0.962801  
3876   0.962816  
3877   0.962831  
3878   0.962845  
3879   0.96286  
3880   0.962875  
3881   0.962889  
3882   0.962904  
3883   0.962919  
3884   0.962933  
3885   0.962948  
3886   0.962962  
3887   0.962977  
3888   0.962992  
3889   0.963006  
3890   0.963021  
3891   0.963035  
3892   0.96305  
3893   0.963064  
3894   0.963079  
3895   0.963093  
3896   0.963108  
3897   0.963123  
3898   0.963137  
3899   0.963152  
3900   0.963166  
3901   0.96318  
3902   0.963195  
3903   0.963209  
3904   0.963224  
3905   0.963238  
3906   0.963253  
3907   0.963267  
3908   0.963282  
3909   0.963296  
3910   0.96331  
3911   0.963325  
3912   0.963339  
3913   0.963354  
3914   0.963368  
3915   0.963382  
3916   0.963397  
3917   0.963411  
3918   0.963426  
3919   0.96344  
3920   0.963454  
3921   0.963469  
3922   0.963483  
3923   0.963497  
3924   0.963511  
3925   0.963526  
3926   0.96354  
3927   0.963554  
3928   0.963569  
3929   0.963583  
3930   0.963597  
3931   0.963611  
3932   0.963626  
3933   0.96364  
3934   0.963654  
3935   0.963668  
3936   0.963683  
3937   0.963697  
3938   0.963711  
3939   0.963725  
3940   0.963739  
3941   0.963753  
3942   0.963768  
3943   0.963782  
3944   0.963796  
3945   0.96381  
3946   0.963824  
3947   0.963838  
3948   0.963852  
3949   0.963867  
3950   0.963881  
3951   0.963895  
3952   0.963909  
3953   0.963923  
3954   0.963937  
3955   0.963951  
3956   0.963965  
3957   0.963979  
3958   0.963993  
3959   0.964007  
3960   0.964021  
3961   0.964035  
3962   0.964049  
3963   0.964063  
3964   0.964077  
3965   0.964091  
3966   0.964105  
3967   0.964119  
3968   0.964133  
3969   0.964147  
3970   0.964161  
3971   0.964175  
3972   0.964189  
3973   0.964203  
3974   0.964217  
3975   0.964231  
3976   0.964245  
3977   0.964259  
3978   0.964272  
3979   0.964286  
3980   0.9643  
3981   0.964314  
3982   0.964328  
3983   0.964342  
3984   0.964356  
3985   0.96437  
3986   0.964383  
3987   0.964397  
3988   0.964411  
3989   0.964425  
3990   0.964439  
3991   0.964452  
3992   0.964466  
3993   0.96448  
3994   0.964494  
3995   0.964507  
3996   0.964521  
3997   0.964535  
3998   0.964549  
3999   0.964562  
4000   0.964576  
4001   0.96459  
4002   0.964604  
4003   0.964617  
4004   0.964631  
4005   0.964645  
4006   0.964658  
4007   0.964672  
4008   0.964686  
4009   0.964699  
4010   0.964713  
4011   0.964727  
4012   0.96474  
4013   0.964754  
4014   0.964768  
4015   0.964781  
4016   0.964795  
4017   0.964808  
4018   0.964822  
4019   0.964836  
4020   0.964849  
4021   0.964863  
4022   0.964876  
4023   0.96489  
4024   0.964903  
4025   0.964917  
4026   0.96493  
4027   0.964944  
4028   0.964957  
4029   0.964971  
4030   0.964984  
4031   0.964998  
4032   0.965011  
4033   0.965025  
4034   0.965038  
4035   0.965052  
4036   0.965065  
4037   0.965079  
4038   0.965092  
