0   0.00380901  
1   0.00759493  
2   0.0113579  
3   0.0150981  
4   0.0188155  
5   0.0225105  
6   0.026183  
7   0.0298333  
8   0.0334615  
9   0.0370677  
10   0.040652  
11   0.0442146  
12   0.0477556  
13   0.0512751  
14   0.0547733  
15   0.0582503  
16   0.0617062  
17   0.0651412  
18   0.0685553  
19   0.0719488  
20   0.0753216  
21   0.0786741  
22   0.0820062  
23   0.0853181  
24   0.08861  
25   0.0918819  
26   0.0951339  
27   0.0983663  
28   0.101579  
29   0.104772  
30   0.107946  
31   0.111101  
32   0.114237  
33   0.117353  
34   0.120451  
35   0.12353  
36   0.12659  
37   0.129632  
38   0.132655  
39   0.13566  
40   0.138647  
41   0.141615  
42   0.144566  
43   0.147499  
44   0.150414  
45   0.153311  
46   0.156191  
47   0.159053  
48   0.161898  
49   0.164726  
50   0.167536  
51   0.17033  
52   0.173106  
53   0.175866  
54   0.178609  
55   0.181336  
56   0.184046  
57   0.186739  
58   0.189416  
59   0.192077  
60   0.194722  
61   0.197351  
62   0.199964  
63   0.202561  
64   0.205142  
65   0.207708  
66   0.210258  
67   0.212792  
68   0.215312  
69   0.217816  
70   0.220305  
71   0.222778  
72   0.225237  
73   0.227681  
74   0.23011  
75   0.232524  
76   0.234924  
77   0.237309  
78   0.23968  
79   0.242036  
80   0.244378  
81   0.246706  
82   0.24902  
83   0.25132  
84   0.253606  
85   0.255878  
86   0.258136  
87   0.26038  
88   0.262611  
89   0.264829  
90   0.267033  
91   0.269223  
92   0.271401  
93   0.273565  
94   0.275716  
95   0.277854  
96   0.279979  
97   0.282091  
98   0.284191  
99   0.286277  
100   0.288351  
101   0.290413  
102   0.292462  
103   0.294498  
104   0.296523  
105   0.298535  
106   0.300534  
107   0.302522  
108   0.304498  
109   0.306461  
110   0.308413  
111   0.310353  
112   0.312281  
113   0.314198  
114   0.316103  
115   0.317996  
116   0.319878  
117   0.321748  
118   0.323607  
119   0.325455  
120   0.327292  
121   0.329118  
122   0.330932  
123   0.332736  
124   0.334528  
125   0.33631  
126   0.338081  
127   0.339841  
128   0.341591  
129   0.343329  
130   0.345058  
131   0.346776  
132   0.348483  
133   0.350181  
134   0.351868  
135   0.353544  
136   0.355211  
137   0.356867  
138   0.358514  
139   0.36015  
140   0.361777  
141   0.363393  
142   0.365  
143   0.366597  
144   0.368185  
145   0.369763  
146   0.371331  
147   0.37289  
148   0.374439  
149   0.375979  
150   0.37751  
151   0.379031  
152   0.380543  
153   0.382046  
154   0.38354  
155   0.385025  
156   0.386501  
157   0.387968  
158   0.389426  
159   0.390875  
160   0.392316  
161   0.393747  
162   0.39517  
163   0.396585  
164   0.397991  
165   0.399388  
166   0.400777  
167   0.402157  
168   0.40353  
169   0.404893  
170   0.406249  
171   0.407596  
172   0.408935  
173   0.410267  
174   0.41159  
175   0.412905  
176   0.414212  
177   0.415511  
178   0.416802  
179   0.418085  
180   0.419361  
181   0.420629  
182   0.421889  
183   0.423142  
184   0.424387  
185   0.425631  
186   0.426869  
187   0.428106  
188   0.429336  
189   0.430565  
190   0.431788  
191   0.43301  
192   0.434225  
193   0.43544  
194   0.436647  
195   0.437855  
196   0.439055  
197   0.440255  
198   0.441448  
199   0.442641  
200   0.443827  
201   0.445012  
202   0.446191  
203   0.447369  
204   0.448541  
205   0.449712  
206   0.450877  
207   0.452041  
208   0.453198  
209   0.454355  
210   0.455506  
211   0.456656  
212   0.457799  
213   0.458942  
214   0.460079  
215   0.461215  
216   0.462344  
217   0.463474  
218   0.464597  
219   0.465719  
220   0.466835  
221   0.46795  
222   0.46906  
223   0.470169  
224   0.471271  
225   0.472373  
226   0.473469  
227   0.474565  
228   0.475654  
229   0.476743  
230   0.477825  
231   0.478907  
232   0.479984  
233   0.481059  
234   0.482129  
235   0.483198  
236   0.484261  
237   0.485324  
238   0.48638  
239   0.487437  
240   0.488487  
241   0.489537  
242   0.490581  
243   0.491624  
244   0.492662  
245   0.493699  
246   0.49473  
247   0.495761  
248   0.496786  
249   0.497811  
250   0.49883  
251   0.499848  
252   0.500861  
253   0.501873  
254   0.502879  
255   0.503885  
256   0.504886  
257   0.505886  
258   0.50688  
259   0.507874  
260   0.508863  
261   0.509851  
262   0.510833  
263   0.511815  
264   0.512791  
265   0.513767  
266   0.514738  
267   0.515708  
268   0.516673  
269   0.517637  
270   0.518596  
271   0.519554  
272   0.520507  
273   0.52146  
274   0.522407  
275   0.523354  
276   0.524295  
277   0.525236  
278   0.526172  
279   0.527107  
280   0.528038  
281   0.528967  
282   0.529892  
283   0.530816  
284   0.531735  
285   0.532653  
286   0.533567  
287   0.53448  
288   0.535388  
289   0.536295  
290   0.537197  
291   0.538099  
292   0.538996  
293   0.539892  
294   0.540784  
295   0.541675  
296   0.542561  
297   0.543446  
298   0.544327  
299   0.545207  
300   0.546083  
301   0.546958  
302   0.547828  
303   0.548697  
304   0.549562  
305   0.550426  
306   0.551286  
307   0.552145  
308   0.553  
309   0.553853  
310   0.554703  
311   0.555551  
312   0.556395  
313   0.557239  
314   0.558078  
315   0.558916  
316   0.55975  
317   0.560584  
318   0.561413  
319   0.562241  
320   0.563065  
321   0.563888  
322   0.564707  
323   0.565525  
324   0.566339  
325   0.567152  
326   0.567961  
327   0.56877  
328   0.569574  
329   0.570377  
330   0.571177  
331   0.571975  
332   0.57277  
333   0.573563  
334   0.574353  
335   0.575142  
336   0.575927  
337   0.576711  
338   0.577491  
339   0.578271  
340   0.579046  
341   0.579821  
342   0.580591  
343   0.581361  
344   0.582127  
345   0.582893  
346   0.583654  
347   0.584415  
348   0.585172  
349   0.585928  
350   0.58668  
351   0.587432  
352   0.588179  
353   0.588926  
354   0.589669  
355   0.590412  
356   0.59115  
357   0.591888  
358   0.592623  
359   0.593356  
360   0.594086  
361   0.594815  
362   0.59554  
363   0.596265  
364   0.596986  
365   0.597706  
366   0.598423  
367   0.599138  
368   0.599851  
369   0.600562  
370   0.60127  
371   0.601977  
372   0.602681  
373   0.603384  
374   0.604083  
375   0.604782  
376   0.605477  
377   0.606172  
378   0.606863  
379   0.607553  
380   0.60824  
381   0.608926  
382   0.609608  
383   0.61029  
384   0.610969  
385   0.611647  
386   0.612321  
387   0.612995  
388   0.613665  
389   0.614335  
390   0.615001  
391   0.615666  
392   0.616329  
393   0.61699  
394   0.617648  
395   0.618306  
396   0.61896  
397   0.619614  
398   0.620264  
399   0.620914  
400   0.62156  
401   0.622206  
402   0.622848  
403   0.62349  
404   0.624128  
405   0.624766  
406   0.625401  
407   0.626035  
408   0.626666  
409   0.627296  
410   0.627923  
411   0.628549  
412   0.629173  
413   0.629795  
414   0.630415  
415   0.631033  
416   0.631649  
417   0.632264  
418   0.632876  
419   0.633487  
420   0.634096  
421   0.634703  
422   0.635308  
423   0.635912  
424   0.636513  
425   0.637113  
426   0.63771  
427   0.638307  
428   0.638901  
429   0.639494  
430   0.640084  
431   0.640673  
432   0.64126  
433   0.641846  
434   0.642429  
435   0.643011  
436   0.643591  
437   0.644169  
438   0.644745  
439   0.645321  
440   0.645893  
441   0.646465  
442   0.647034  
443   0.647602  
444   0.648168  
445   0.648733  
446   0.649295  
447   0.649857  
448   0.650415  
449   0.650974  
450   0.651529  
451   0.652084  
452   0.652636  
453   0.653187  
454   0.653736  
455   0.654284  
456   0.654829  
457   0.655374  
458   0.655916  
459   0.656457  
460   0.656996  
461   0.657534  
462   0.65807  
463   0.658605  
464   0.659137  
465   0.659669  
466   0.660198  
467   0.660726  
468   0.661252  
469   0.661777  
470   0.6623  
471   0.662822  
472   0.663342  
473   0.663861  
474   0.664377  
475   0.664893  
476   0.665406  
477   0.665919  
478   0.666429  
479   0.666938  
480   0.667446  
481   0.667952  
482   0.668456  
483   0.668959  
484   0.66946  
485   0.669961  
486   0.670459  
487   0.670956  
488   0.671451  
489   0.671945  
490   0.672437  
491   0.672929  
492   0.673418  
493   0.673906  
494   0.674392  
495   0.674877  
496   0.67536  
497   0.675843  
498   0.676323  
499   0.676803  
500   0.67728  
501   0.677756  
502   0.678231  
503   0.678705  
504   0.679176  
505   0.679647  
506   0.680116  
507   0.680584  
508   0.68105  
509   0.681515  
510   0.681978  
511   0.68244  
512   0.6829  
513   0.68336  
514   0.683817  
515   0.684274  
516   0.684729  
517   0.685183  
518   0.685635  
519   0.686086  
520   0.686536  
521   0.686985  
522   0.687434  
523   0.687881  
524   0.688327  
525   0.688773  
526   0.689218  
527   0.689661  
528   0.690104  
529   0.690546  
530   0.690987  
531   0.691428  
532   0.691867  
533   0.692305  
534   0.692743  
535   0.69318  
536   0.693615  
537   0.694051  
538   0.694484  
539   0.694918  
540   0.69535  
541   0.695781  
542   0.696212  
543   0.696642  
544   0.69707  
545   0.697498  
546   0.697926  
547   0.698352  
548   0.698777  
549   0.699202  
550   0.699625  
551   0.700048  
552   0.70047  
553   0.700891  
554   0.701311  
555   0.701731  
556   0.702149  
557   0.702567  
558   0.702984  
559   0.7034  
560   0.703815  
561   0.70423  
562   0.704643  
563   0.705056  
564   0.705468  
565   0.705879  
566   0.706289  
567   0.706699  
568   0.707107  
569   0.707515  
570   0.707922  
571   0.708328  
572   0.708733  
573   0.709138  
574   0.709541  
575   0.709944  
576   0.710346  
577   0.710748  
578   0.711148  
579   0.711548  
580   0.711946  
581   0.712344  
582   0.712742  
583   0.713138  
584   0.713534  
585   0.713928  
586   0.714322  
587   0.714716  
588   0.715108  
589   0.7155  
590   0.715891  
591   0.716281  
592   0.71667  
593   0.717058  
594   0.717446  
595   0.717833  
596   0.718219  
597   0.718605  
598   0.718989  
599   0.719373  
600   0.719756  
601   0.720138  
602   0.72052  
603   0.720901  
604   0.721281  
605   0.72166  
606   0.722038  
607   0.722416  
608   0.722793  
609   0.723169  
610   0.723544  
611   0.723919  
612   0.724293  
613   0.724666  
614   0.725038  
615   0.72541  
616   0.725781  
617   0.726151  
618   0.726521  
619   0.726889  
620   0.727257  
621   0.727624  
622   0.727991  
623   0.728356  
624   0.728721  
625   0.729086  
626   0.729449  
627   0.729812  
628   0.730174  
629   0.730535  
630   0.730896  
631   0.731256  
632   0.731615  
633   0.731973  
634   0.732331  
635   0.732688  
636   0.733044  
637   0.7334  
638   0.733754  
639   0.734108  
640   0.734462  
641   0.734815  
642   0.735166  
643   0.735518  
644   0.735868  
645   0.736218  
646   0.736567  
647   0.736916  
648   0.737263  
649   0.737611  
650   0.737957  
651   0.738302  
652   0.738648  
653   0.738992  
654   0.739335  
655   0.739678  
656   0.74002  
657   0.740362  
658   0.740703  
659   0.741043  
660   0.741382  
661   0.741721  
662   0.742059  
663   0.742396  
664   0.742733  
665   0.743069  
666   0.743404  
667   0.743739  
668   0.744073  
669   0.744406  
670   0.744739  
671   0.745071  
672   0.745402  
673   0.745733  
674   0.746063  
675   0.746392  
676   0.746721  
677   0.747049  
678   0.747376  
679   0.747703  
680   0.748029  
681   0.748354  
682   0.748679  
683   0.749003  
684   0.749326  
685   0.749649  
686   0.749971  
687   0.750293  
688   0.750614  
689   0.750934  
690   0.751253  
691   0.751572  
692   0.751891  
693   0.752208  
694   0.752525  
695   0.752841  
696   0.753157  
697   0.753472  
698   0.753787  
699   0.7541  
700   0.754414  
701   0.754726  
702   0.755038  
703   0.755349  
704   0.75566  
705   0.75597  
706   0.756279  
707   0.756588  
708   0.756896  
709   0.757204  
710   0.757511  
711   0.757817  
712   0.758123  
713   0.758428  
714   0.758732  
715   0.759036  
716   0.759339  
717   0.759641  
718   0.759944  
719   0.760245  
720   0.760546  
721   0.760846  
722   0.761146  
723   0.761444  
724   0.761743  
725   0.762041  
726   0.762338  
727   0.762635  
728   0.762931  
729   0.763226  
730   0.763521  
731   0.763815  
732   0.764108  
733   0.764402  
734   0.764694  
735   0.764986  
736   0.765277  
737   0.765568  
738   0.765858  
739   0.766147  
740   0.766436  
741   0.766724  
742   0.767012  
743   0.767299  
744   0.767586  
745   0.767872  
746   0.768158  
747   0.768442  
748   0.768727  
749   0.76901  
750   0.769293  
751   0.769576  
752   0.769858  
753   0.77014  
754   0.770421  
755   0.770701  
756   0.770981  
757   0.77126  
758   0.771538  
759   0.771816  
760   0.772094  
761   0.772371  
762   0.772647  
763   0.772923  
764   0.773199  
765   0.773473  
766   0.773748  
767   0.774021  
768   0.774294  
769   0.774567  
770   0.774839  
771   0.77511  
772   0.775381  
773   0.775651  
774   0.775921  
775   0.776191  
776   0.776459  
777   0.776727  
778   0.776995  
779   0.777262  
780   0.777529  
781   0.777795  
782   0.77806  
783   0.778325  
784   0.77859  
785   0.778854  
786   0.779117  
787   0.77938  
788   0.779642  
789   0.779904  
790   0.780165  
791   0.780426  
792   0.780686  
793   0.780946  
794   0.781205  
795   0.781463  
796   0.781722  
797   0.781979  
798   0.782236  
799   0.782493  
800   0.782749  
801   0.783004  
802   0.78326  
803   0.783514  
804   0.783768  
805   0.784022  
806   0.784274  
807   0.784527  
808   0.784779  
809   0.78503  
810   0.785281  
811   0.785532  
812   0.785782  
813   0.786031  
814   0.78628  
815   0.786529  
816   0.786777  
817   0.787024  
818   0.787271  
819   0.787517  
820   0.787763  
821   0.788009  
822   0.788254  
823   0.788498  
824   0.788742  
825   0.788986  
826   0.789229  
827   0.789471  
828   0.789713  
829   0.789955  
830   0.790196  
831   0.790436  
832   0.790677  
833   0.790916  
834   0.791155  
835   0.791394  
836   0.791632  
837   0.79187  
838   0.792107  
839   0.792344  
840   0.79258  
841   0.792816  
842   0.793051  
843   0.793286  
844   0.79352  
845   0.793754  
846   0.793988  
847   0.794221  
848   0.794453  
849   0.794685  
850   0.794917  
851   0.795148  
852   0.795378  
853   0.795608  
854   0.795838  
855   0.796067  
856   0.796296  
857   0.796524  
858   0.796752  
859   0.79698  
860   0.797207  
861   0.797433  
862   0.797659  
863   0.797885  
864   0.79811  
865   0.798335  
866   0.798559  
867   0.798783  
868   0.799006  
869   0.799229  
870   0.799451  
871   0.799673  
872   0.799895  
873   0.800116  
874   0.800337  
875   0.800557  
876   0.800777  
877   0.800996  
878   0.801215  
879   0.801433  
880   0.801651  
881   0.801869  
882   0.802086  
883   0.802303  
884   0.802519  
885   0.802735  
886   0.80295  
887   0.803165  
888   0.80338  
889   0.803594  
890   0.803807  
891   0.804021  
892   0.804233  
893   0.804446  
894   0.804658  
895   0.804869  
896   0.80508  
897   0.805291  
898   0.805501  
899   0.805711  
900   0.805921  
901   0.806129  
902   0.806338  
903   0.806546  
904   0.806754  
905   0.806961  
906   0.807168  
907   0.807375  
908   0.807581  
909   0.807787  
910   0.807992  
911   0.808197  
912   0.808401  
913   0.808605  
914   0.808809  
915   0.809012  
916   0.809215  
917   0.809417  
918   0.809619  
919   0.80982  
920   0.810022  
921   0.810223  
922   0.810423  
923   0.810623  
924   0.810822  
925   0.811022  
926   0.811221  
927   0.811419  
928   0.811618  
929   0.811816  
930   0.812014  
931   0.812211  
932   0.812409  
933   0.812605  
934   0.812802  
935   0.812998  
936   0.813194  
937   0.81339  
938   0.813585  
939   0.813781  
940   0.813976  
941   0.81417  
942   0.814364  
943   0.814558  
944   0.814752  
945   0.814945  
946   0.815139  
947   0.815331  
948   0.815524  
949   0.815716  
950   0.815908  
951   0.8161  
952   0.816291  
953   0.816482  
954   0.816673  
955   0.816864  
956   0.817054  
957   0.817244  
958   0.817433  
959   0.817623  
960   0.817812  
961   0.818001  
962   0.818189  
963   0.818378  
964   0.818566  
965   0.818753  
966   0.818941  
967   0.819128  
968   0.819315  
969   0.819501  
970   0.819687  
971   0.819873  
972   0.820059  
973   0.820245  
974   0.82043  
975   0.820615  
976   0.820799  
977   0.820984  
978   0.821168  
979   0.821351  
980   0.821535  
981   0.821718  
982   0.821901  
983   0.822084  
984   0.822266  
985   0.822449  
986   0.82263  
987   0.822812  
988   0.822993  
989   0.823174  
990   0.823355  
991   0.823536  
992   0.823716  
993   0.823896  
994   0.824075  
995   0.824255  
996   0.824434  
997   0.824613  
998   0.824791  
999   0.82497  
1000   0.825148  
1001   0.825326  
1002   0.825503  
1003   0.825681  
1004   0.825858  
1005   0.826035  
1006   0.826211  
1007   0.826387  
1008   0.826563  
1009   0.826739  
1010   0.826914  
1011   0.827089  
1012   0.827264  
1013   0.827439  
1014   0.827613  
1015   0.827787  
1016   0.827961  
1017   0.828135  
1018   0.828308  
1019   0.828481  
1020   0.828654  
1021   0.828827  
1022   0.828999  
1023   0.829171  
1024   0.829343  
1025   0.829515  
1026   0.829686  
1027   0.829857  
1028   0.830028  
1029   0.830198  
1030   0.830368  
1031   0.830538  
1032   0.830708  
1033   0.830878  
1034   0.831047  
1035   0.831216  
1036   0.831385  
1037   0.831553  
1038   0.831721  
1039   0.831889  
1040   0.832057  
1041   0.832224  
1042   0.832392  
1043   0.832558  
1044   0.832725  
1045   0.832892  
1046   0.833058  
1047   0.833224  
1048   0.83339  
1049   0.833555  
1050   0.83372  
1051   0.833885  
1052   0.83405  
1053   0.834215  
1054   0.834379  
1055   0.834543  
1056   0.834707  
1057   0.83487  
1058   0.835033  
1059   0.835196  
1060   0.835359  
1061   0.835522  
1062   0.835684  
1063   0.835846  
1064   0.836008  
1065   0.836169  
1066   0.836331  
1067   0.836492  
1068   0.836652  
1069   0.836813  
1070   0.836973  
1071   0.837133  
1072   0.837293  
1073   0.837453  
1074   0.837612  
1075   0.837771  
1076   0.83793  
1077   0.838089  
1078   0.838248  
1079   0.838406  
1080   0.838564  
1081   0.838722  
1082   0.838879  
1083   0.839036  
1084   0.839193  
1085   0.83935  
1086   0.839507  
1087   0.839663  
1088   0.839819  
1089   0.839975  
1090   0.84013  
1091   0.840286  
1092   0.840441  
1093   0.840596  
1094   0.840751  
1095   0.840905  
1096   0.841059  
1097   0.841213  
1098   0.841367  
1099   0.84152  
1100   0.841674  
1101   0.841827  
1102   0.84198  
1103   0.842132  
1104   0.842285  
1105   0.842437  
1106   0.842589  
1107   0.84274  
1108   0.842892  
1109   0.843043  
1110   0.843194  
1111   0.843345  
1112   0.843496  
1113   0.843646  
1114   0.843796  
1115   0.843946  
1116   0.844096  
1117   0.844245  
1118   0.844394  
1119   0.844543  
1120   0.844692  
1121   0.844841  
1122   0.844989  
1123   0.845137  
1124   0.845285  
1125   0.845433  
1126   0.84558  
1127   0.845727  
1128   0.845874  
1129   0.846021  
1130   0.846168  
1131   0.846314  
1132   0.84646  
1133   0.846606  
1134   0.846752  
1135   0.846897  
1136   0.847043  
1137   0.847188  
1138   0.847333  
1139   0.847477  
1140   0.847621  
1141   0.847766  
1142   0.84791  
1143   0.848053  
1144   0.848197  
1145   0.84834  
1146   0.848483  
1147   0.848626  
1148   0.848769  
1149   0.848912  
1150   0.849054  
1151   0.849196  
1152   0.849338  
1153   0.849479  
1154   0.849621  
1155   0.849762  
1156   0.849903  
1157   0.850044  
1158   0.850184  
1159   0.850324  
1160   0.850465  
1161   0.850605  
1162   0.850744  
1163   0.850884  
1164   0.851023  
1165   0.851162  
1166   0.851301  
1167   0.85144  
1168   0.851578  
1169   0.851717  
1170   0.851855  
1171   0.851992  
1172   0.85213  
1173   0.852268  
1174   0.852405  
1175   0.852542  
1176   0.852679  
1177   0.852815  
1178   0.852952  
1179   0.853088  
1180   0.853224  
1181   0.85336  
1182   0.853495  
1183   0.853631  
1184   0.853766  
1185   0.853901  
1186   0.854036  
1187   0.85417  
1188   0.854305  
1189   0.854439  
1190   0.854573  
1191   0.854707  
1192   0.85484  
1193   0.854974  
1194   0.855107  
1195   0.85524  
1196   0.855373  
1197   0.855505  
1198   0.855638  
1199   0.85577  
1200   0.855902  
1201   0.856034  
1202   0.856165  
1203   0.856297  
1204   0.856428  
1205   0.856559  
1206   0.85669  
1207   0.85682  
1208   0.856951  
1209   0.857081  
1210   0.857211  
1211   0.857341  
1212   0.857471  
1213   0.8576  
1214   0.857729  
1215   0.857858  
1216   0.857987  
1217   0.858116  
1218   0.858245  
1219   0.858373  
1220   0.858501  
1221   0.858629  
1222   0.858757  
1223   0.858884  
1224   0.859012  
1225   0.859139  
1226   0.859266  
1227   0.859393  
1228   0.859519  
1229   0.859645  
1230   0.859772  
1231   0.859898  
1232   0.860024  
1233   0.860149  
1234   0.860275  
1235   0.8604  
1236   0.860525  
1237   0.86065  
1238   0.860775  
1239   0.860899  
1240   0.861024  
1241   0.861148  
1242   0.861272  
1243   0.861396  
1244   0.861519  
1245   0.861643  
1246   0.861766  
1247   0.861889  
1248   0.862012  
1249   0.862135  
1250   0.862257  
1251   0.862379  
1252   0.862502  
1253   0.862623  
1254   0.862745  
1255   0.862867  
1256   0.862988  
1257   0.86311  
1258   0.863231  
1259   0.863352  
1260   0.863472  
1261   0.863593  
1262   0.863713  
1263   0.863833  
1264   0.863953  
1265   0.864073  
1266   0.864193  
1267   0.864312  
1268   0.864431  
1269   0.86455  
1270   0.864669  
1271   0.864788  
1272   0.864907  
1273   0.865025  
1274   0.865143  
1275   0.865261  
1276   0.865379  
1277   0.865497  
1278   0.865614  
1279   0.865732  
1280   0.865849  
1281   0.865966  
1282   0.866083  
1283   0.866199  
1284   0.866316  
1285   0.866432  
1286   0.866548  
1287   0.866664  
1288   0.86678  
1289   0.866895  
1290   0.867011  
1291   0.867126  
1292   0.867241  
1293   0.867356  
1294   0.867471  
1295   0.867585  
1296   0.8677  
1297   0.867814  
1298   0.867928  
1299   0.868042  
1300   0.868156  
1301   0.868269  
1302   0.868383  
1303   0.868496  
1304   0.868609  
1305   0.868722  
1306   0.868834  
1307   0.868947  
1308   0.869059  
1309   0.869172  
1310   0.869283  
1311   0.869395  
1312   0.869507  
1313   0.869619  
1314   0.86973  
1315   0.869841  
1316   0.869952  
1317   0.870063  
1318   0.870174  
1319   0.870284  
1320   0.870395  
1321   0.870505  
1322   0.870615  
1323   0.870725  
1324   0.870835  
1325   0.870944  
1326   0.871054  
1327   0.871163  
1328   0.871272  
1329   0.871381  
1330   0.871489  
1331   0.871598  
1332   0.871707  
1333   0.871815  
1334   0.871923  
1335   0.872031  
1336   0.872139  
1337   0.872247  
1338   0.872355  
1339   0.872463  
1340   0.87257  
1341   0.872678  
1342   0.872785  
1343   0.872892  
1344   0.872999  
1345   0.873106  
1346   0.873212  
1347   0.873319  
1348   0.873426  
1349   0.873532  
1350   0.873638  
1351   0.873744  
1352   0.87385  
1353   0.873956  
1354   0.874062  
1355   0.874167  
1356   0.874273  
1357   0.874378  
1358   0.874483  
1359   0.874589  
1360   0.874693  
1361   0.874798  
1362   0.874903  
1363   0.875008  
1364   0.875112  
1365   0.875216  
1366   0.875321  
1367   0.875425  
1368   0.875529  
1369   0.875633  
1370   0.875736  
1371   0.87584  
1372   0.875943  
1373   0.876047  
1374   0.87615  
1375   0.876253  
1376   0.876356  
1377   0.876459  
1378   0.876562  
1379   0.876665  
1380   0.876767  
1381   0.876869  
1382   0.876972  
1383   0.877074  
1384   0.877176  
1385   0.877278  
1386   0.877379  
1387   0.877481  
1388   0.877583  
1389   0.877684  
1390   0.877785  
1391   0.877886  
1392   0.877988  
1393   0.878089  
1394   0.878189  
1395   0.87829  
1396   0.878391  
1397   0.878491  
1398   0.878592  
1399   0.878692  
1400   0.878792  
1401   0.878892  
1402   0.878992  
1403   0.879092  
1404   0.879191  
1405   0.879291  
1406   0.87939  
1407   0.879489  
1408   0.879589  
1409   0.879688  
1410   0.879786  
1411   0.879885  
1412   0.879984  
1413   0.880083  
1414   0.880181  
1415   0.880279  
1416   0.880377  
1417   0.880476  
1418   0.880574  
1419   0.880672  
1420   0.880769  
1421   0.880867  
1422   0.880964  
1423   0.881062  
1424   0.881159  
1425   0.881256  
1426   0.881353  
1427   0.88145  
1428   0.881547  
1429   0.881644  
1430   0.881741  
1431   0.881837  
1432   0.881933  
1433   0.88203  
1434   0.882126  
1435   0.882222  
1436   0.882318  
1437   0.882414  
1438   0.882509  
1439   0.882605  
1440   0.8827  
1441   0.882796  
1442   0.882891  
1443   0.882986  
1444   0.883081  
1445   0.883176  
1446   0.883271  
1447   0.883366  
1448   0.88346  
1449   0.883555  
1450   0.883649  
1451   0.883743  
1452   0.883837  
1453   0.883931  
1454   0.884025  
1455   0.884119  
1456   0.884213  
1457   0.884306  
1458   0.8844  
1459   0.884493  
1460   0.884586  
1461   0.88468  
1462   0.884773  
1463   0.884866  
1464   0.884958  
1465   0.885051  
1466   0.885144  
1467   0.885236  
1468   0.885328  
1469   0.885421  
1470   0.885513  
1471   0.885605  
1472   0.885697  
1473   0.885789  
1474   0.88588  
1475   0.885972  
1476   0.886063  
1477   0.886155  
1478   0.886246  
1479   0.886337  
1480   0.886428  
1481   0.886519  
1482   0.88661  
1483   0.886701  
1484   0.886792  
1485   0.886882  
1486   0.886972  
1487   0.887063  
1488   0.887153  
1489   0.887243  
1490   0.887333  
1491   0.887423  
1492   0.887513  
1493   0.887603  
1494   0.887692  
1495   0.887781  
1496   0.887871  
1497   0.88796  
1498   0.888049  
1499   0.888138  
1500   0.888227  
1501   0.888316  
1502   0.888405  
1503   0.888494  
1504   0.888582  
1505   0.88867  
1506   0.888759  
1507   0.888847  
1508   0.888935  
1509   0.889023  
1510   0.889111  
1511   0.889199  
1512   0.889286  
1513   0.889374  
1514   0.889462  
1515   0.889549  
1516   0.889636  
1517   0.889723  
1518   0.88981  
1519   0.889897  
1520   0.889984  
1521   0.890071  
1522   0.890158  
1523   0.890244  
1524   0.890331  
1525   0.890417  
1526   0.890503  
1527   0.890589  
1528   0.890676  
1529   0.890761  
1530   0.890847  
1531   0.890933  
1532   0.891019  
1533   0.891104  
1534   0.89119  
1535   0.891275  
1536   0.89136  
1537   0.891445  
1538   0.891531  
1539   0.891615  
1540   0.8917  
1541   0.891785  
1542   0.89187  
1543   0.891954  
1544   0.892039  
1545   0.892123  
1546   0.892207  
1547   0.892291  
1548   0.892376  
1549   0.892459  
1550   0.892543  
1551   0.892627  
1552   0.892711  
1553   0.892794  
1554   0.892878  
1555   0.892961  
1556   0.893044  
1557   0.893127  
1558   0.893211  
1559   0.893293  
1560   0.893376  
1561   0.893459  
1562   0.893542  
1563   0.893625  
1564   0.893707  
1565   0.893789  
1566   0.893872  
1567   0.893954  
1568   0.894036  
1569   0.894118  
1570   0.8942  
1571   0.894282  
1572   0.894363  
1573   0.894445  
1574   0.894526  
1575   0.894608  
1576   0.894689  
1577   0.89477  
1578   0.894852  
1579   0.894933  
1580   0.895013  
1581   0.895094  
1582   0.895175  
1583   0.895256  
1584   0.895336  
1585   0.895417  
1586   0.895497  
1587   0.895577  
1588   0.895658  
1589   0.895738  
1590   0.895818  
1591   0.895898  
1592   0.895977  
1593   0.896057  
1594   0.896137  
1595   0.896216  
1596   0.896296  
1597   0.896375  
1598   0.896454  
1599   0.896534  
1600   0.896613  
1601   0.896692  
1602   0.89677  
1603   0.896849  
1604   0.896928  
1605   0.897007  
1606   0.897085  
1607   0.897164  
1608   0.897242  
1609   0.89732  
1610   0.897398  
1611   0.897476  
1612   0.897554  
1613   0.897632  
1614   0.89771  
1615   0.897788  
1616   0.897865  
1617   0.897943  
1618   0.89802  
1619   0.898098  
1620   0.898175  
1621   0.898252  
1622   0.898329  
1623   0.898406  
1624   0.898483  
1625   0.89856  
1626   0.898636  
1627   0.898713  
1628   0.898789  
1629   0.898866  
1630   0.898942  
1631   0.899018  
1632   0.899095  
1633   0.899171  
1634   0.899247  
1635   0.899323  
1636   0.899398  
1637   0.899474  
1638   0.89955  
1639   0.899625  
1640   0.899701  
1641   0.899776  
1642   0.899851  
1643   0.899927  
1644   0.900002  
1645   0.900077  
1646   0.900152  
1647   0.900226  
1648   0.900301  
1649   0.900376  
1650   0.90045  
1651   0.900525  
1652   0.900599  
1653   0.900674  
1654   0.900748  
1655   0.900822  
1656   0.900896  
1657   0.90097  
1658   0.901044  
1659   0.901118  
1660   0.901191  
1661   0.901265  
1662   0.901339  
1663   0.901412  
1664   0.901485  
1665   0.901559  
1666   0.901632  
1667   0.901705  
1668   0.901778  
1669   0.901851  
1670   0.901924  
1671   0.901997  
1672   0.902069  
1673   0.902142  
1674   0.902214  
1675   0.902287  
1676   0.902359  
1677   0.902431  
1678   0.902504  
1679   0.902576  
1680   0.902648  
1681   0.90272  
1682   0.902792  
1683   0.902863  
1684   0.902935  
1685   0.903007  
1686   0.903078  
1687   0.90315  
1688   0.903221  
1689   0.903292  
1690   0.903363  
1691   0.903434  
1692   0.903506  
1693   0.903576  
1694   0.903647  
1695   0.903718  
1696   0.903789  
1697   0.903859  
1698   0.90393  
1699   0.904  
1700   0.904071  
1701   0.904141  
1702   0.904211  
1703   0.904281  
1704   0.904351  
1705   0.904421  
1706   0.904491  
1707   0.904561  
1708   0.904631  
1709   0.9047  
1710   0.90477  
1711   0.904839  
1712   0.904909  
1713   0.904978  
1714   0.905047  
1715   0.905116  
1716   0.905186  
1717   0.905255  
1718   0.905323  
1719   0.905392  
1720   0.905461  
1721   0.90553  
1722   0.905598  
1723   0.905667  
1724   0.905735  
1725   0.905804  
1726   0.905872  
1727   0.90594  
1728   0.906008  
1729   0.906076  
1730   0.906144  
1731   0.906212  
1732   0.90628  
1733   0.906348  
1734   0.906415  
1735   0.906483  
1736   0.90655  
1737   0.906618  
1738   0.906685  
1739   0.906752  
1740   0.90682  
1741   0.906887  
1742   0.906954  
1743   0.907021  
1744   0.907088  
1745   0.907155  
1746   0.907221  
1747   0.907288  
1748   0.907355  
1749   0.907422  
1750   0.907488  
1751   0.907555  
1752   0.907621  
1753   0.907687  
1754   0.907754  
1755   0.90782  
1756   0.907886  
1757   0.907952  
1758   0.908018  
1759   0.908084  
1760   0.90815  
1761   0.908216  
1762   0.908282  
1763   0.908348  
1764   0.908413  
1765   0.908479  
1766   0.908544  
1767   0.90861  
1768   0.908675  
1769   0.908741  
1770   0.908806  
1771   0.908871  
1772   0.908936  
1773   0.909001  
1774   0.909067  
1775   0.909132  
1776   0.909197  
1777   0.909261  
1778   0.909326  
1779   0.909391  
1780   0.909456  
1781   0.90952  
1782   0.909585  
1783   0.909649  
1784   0.909714  
1785   0.909778  
1786   0.909842  
1787   0.909907  
1788   0.909971  
1789   0.910035  
1790   0.910099  
1791   0.910163  
1792   0.910227  
1793   0.910291  
1794   0.910355  
1795   0.910419  
1796   0.910482  
1797   0.910546  
1798   0.910609  
1799   0.910673  
1800   0.910737  
1801   0.9108  
1802   0.910863  
1803   0.910926  
1804   0.91099  
1805   0.911053  
1806   0.911116  
1807   0.911179  
1808   0.911242  
1809   0.911305  
1810   0.911368  
1811   0.911431  
1812   0.911493  
1813   0.911556  
1814   0.911619  
1815   0.911681  
1816   0.911744  
1817   0.911806  
1818   0.911869  
1819   0.911931  
1820   0.911994  
1821   0.912056  
1822   0.912118  
1823   0.91218  
1824   0.912242  
1825   0.912304  
1826   0.912366  
1827   0.912428  
1828   0.91249  
1829   0.912552  
1830   0.912613  
1831   0.912675  
1832   0.912737  
1833   0.912798  
1834   0.91286  
1835   0.912921  
1836   0.912983  
1837   0.913044  
1838   0.913105  
1839   0.913167  
1840   0.913228  
1841   0.913289  
1842   0.91335  
1843   0.913411  
1844   0.913472  
1845   0.913533  
1846   0.913594  
1847   0.913654  
1848   0.913715  
1849   0.913776  
1850   0.913836  
1851   0.913897  
1852   0.913957  
1853   0.914018  
1854   0.914078  
1855   0.914138  
1856   0.914199  
1857   0.914259  
1858   0.914319  
1859   0.914379  
1860   0.914439  
1861   0.914499  
1862   0.914559  
1863   0.914619  
1864   0.914679  
1865   0.914738  
1866   0.914798  
1867   0.914858  
1868   0.914917  
1869   0.914977  
1870   0.915036  
1871   0.915095  
1872   0.915155  
1873   0.915214  
1874   0.915273  
1875   0.915333  
1876   0.915392  
1877   0.915451  
1878   0.91551  
1879   0.915569  
1880   0.915627  
1881   0.915686  
1882   0.915745  
1883   0.915804  
1884   0.915863  
1885   0.915921  
1886   0.91598  
1887   0.916038  
1888   0.916097  
1889   0.916155  
1890   0.916213  
1891   0.916271  
1892   0.91633  
1893   0.916388  
1894   0.916446  
1895   0.916504  
1896   0.916562  
1897   0.91662  
1898   0.916678  
1899   0.916736  
1900   0.916793  
1901   0.916851  
1902   0.916909  
1903   0.916966  
1904   0.917024  
1905   0.917081  
1906   0.917139  
1907   0.917196  
1908   0.917254  
1909   0.917311  
1910   0.917368  
1911   0.917425  
1912   0.917482  
1913   0.917539  
1914   0.917596  
1915   0.917653  
1916   0.91771  
1917   0.917767  
1918   0.917824  
1919   0.917881  
1920   0.917937  
1921   0.917994  
1922   0.91805  
1923   0.918107  
1924   0.918163  
1925   0.91822  
1926   0.918276  
1927   0.918332  
1928   0.918389  
1929   0.918445  
1930   0.918501  
1931   0.918557  
1932   0.918613  
1933   0.918669  
1934   0.918725  
1935   0.91878  
1936   0.918836  
1937   0.918892  
1938   0.918948  
1939   0.919003  
1940   0.919059  
1941   0.919115  
1942   0.91917  
1943   0.919225  
1944   0.919281  
1945   0.919336  
1946   0.919391  
1947   0.919446  
1948   0.919502  
1949   0.919557  
1950   0.919612  
1951   0.919667  
1952   0.919722  
1953   0.919777  
1954   0.919831  
1955   0.919886  
1956   0.919941  
1957   0.919995  
1958   0.92005  
1959   0.920105  
1960   0.920159  
1961   0.920214  
1962   0.920268  
1963   0.920322  
1964   0.920377  
1965   0.920431  
1966   0.920485  
1967   0.920539  
1968   0.920593  
1969   0.920647  
1970   0.920701  
1971   0.920755  
1972   0.920809  
1973   0.920863  
1974   0.920917  
1975   0.92097  
1976   0.921024  
1977   0.921078  
1978   0.921131  
1979   0.921185  
1980   0.921238  
1981   0.921291  
1982   0.921345  
1983   0.921398  
1984   0.921452  
1985   0.921505  
1986   0.921558  
1987   0.921611  
1988   0.921664  
1989   0.921717  
1990   0.92177  
1991   0.921823  
1992   0.921875  
1993   0.921928  
1994   0.921981  
1995   0.922034  
1996   0.922086  
1997   0.922139  
1998   0.922191  
1999   0.922244  
2000   0.922296  
2001   0.922349  
2002   0.922401  
2003   0.922453  
2004   0.922505  
2005   0.922558  
2006   0.92261  
2007   0.922662  
2008   0.922714  
2009   0.922766  
2010   0.922818  
2011   0.92287  
2012   0.922921  
2013   0.922973  
2014   0.923025  
2015   0.923076  
2016   0.923128  
2017   0.92318  
2018   0.923231  
2019   0.923283  
2020   0.923334  
2021   0.923385  
2022   0.923437  
2023   0.923488  
2024   0.923539  
2025   0.92359  
2026   0.923641  
2027   0.923692  
2028   0.923743  
2029   0.923794  
2030   0.923845  
2031   0.923896  
2032   0.923947  
2033   0.923998  
2034   0.924048  
2035   0.924099  
2036   0.92415  
2037   0.9242  
2038   0.924251  
2039   0.924301  
2040   0.924351  
2041   0.924402  
2042   0.924452  
2043   0.924502  
2044   0.924553  
2045   0.924603  
2046   0.924653  
2047   0.924703  
2048   0.924753  
2049   0.924803  
2050   0.924853  
2051   0.924903  
2052   0.924952  
2053   0.925002  
2054   0.925052  
2055   0.925102  
2056   0.925151  
2057   0.925201  
2058   0.92525  
2059   0.9253  
2060   0.925349  
2061   0.925399  
2062   0.925448  
2063   0.925497  
2064   0.925546  
2065   0.925595  
2066   0.925645  
2067   0.925694  
2068   0.925743  
2069   0.925792  
2070   0.925841  
2071   0.92589  
2072   0.925938  
2073   0.925987  
2074   0.926036  
2075   0.926085  
2076   0.926133  
2077   0.926182  
2078   0.92623  
2079   0.926279  
2080   0.926328  
2081   0.926376  
2082   0.926424  
2083   0.926472  
2084   0.926521  
2085   0.926569  
2086   0.926617  
2087   0.926665  
2088   0.926713  
2089   0.926761  
2090   0.926809  
2091   0.926857  
2092   0.926905  
2093   0.926953  
2094   0.927001  
2095   0.927049  
2096   0.927096  
2097   0.927144  
2098   0.927192  
2099   0.927239  
2100   0.927287  
2101   0.927334  
2102   0.927381  
2103   0.927429  
2104   0.927476  
2105   0.927523  
2106   0.927571  
2107   0.927618  
2108   0.927665  
2109   0.927712  
2110   0.927759  
2111   0.927806  
2112   0.927853  
2113   0.9279  
2114   0.927947  
2115   0.927994  
2116   0.928041  
2117   0.928087  
2118   0.928134  
2119   0.92818  
2120   0.928227  
2121   0.928274  
2122   0.92832  
2123   0.928366  
2124   0.928413  
2125   0.928459  
2126   0.928506  
2127   0.928552  
2128   0.928598  
2129   0.928644  
2130   0.92869  
2131   0.928736  
2132   0.928782  
2133   0.928828  
2134   0.928874  
2135   0.92892  
2136   0.928966  
2137   0.929012  
2138   0.929058  
2139   0.929103  
2140   0.929149  
2141   0.929195  
2142   0.92924  
2143   0.929286  
2144   0.929331  
2145   0.929377  
2146   0.929422  
2147   0.929467  
2148   0.929513  
2149   0.929558  
2150   0.929603  
2151   0.929648  
2152   0.929694  
2153   0.929739  
2154   0.929784  
2155   0.929829  
2156   0.929874  
2157   0.929919  
2158   0.929963  
2159   0.930008  
2160   0.930053  
2161   0.930098  
2162   0.930142  
2163   0.930187  
2164   0.930232  
2165   0.930276  
2166   0.930321  
2167   0.930365  
2168   0.93041  
2169   0.930454  
2170   0.930498  
2171   0.930543  
2172   0.930587  
2173   0.930631  
2174   0.930675  
2175   0.930719  
2176   0.930764  
2177   0.930808  
2178   0.930851  
2179   0.930895  
2180   0.930939  
2181   0.930983  
2182   0.931027  
2183   0.931071  
2184   0.931114  
2185   0.931158  
2186   0.931202  
2187   0.931245  
2188   0.931289  
2189   0.931333  
2190   0.931376  
2191   0.931419  
2192   0.931463  
2193   0.931506  
2194   0.93155  
2195   0.931593  
2196   0.931636  
2197   0.931679  
2198   0.931723  
2199   0.931766  
2200   0.931809  
2201   0.931852  
2202   0.931895  
2203   0.931938  
2204   0.931981  
2205   0.932024  
2206   0.932067  
2207   0.93211  
2208   0.932153  
2209   0.932195  
2210   0.932238  
2211   0.932281  
2212   0.932324  
2213   0.932366  
2214   0.932409  
2215   0.932451  
2216   0.932494  
2217   0.932536  
2218   0.932579  
2219   0.932621  
2220   0.932664  
2221   0.932706  
2222   0.932749  
2223   0.932791  
2224   0.932833  
2225   0.932875  
2226   0.932917  
2227   0.93296  
2228   0.933002  
2229   0.933044  
2230   0.933086  
2231   0.933128  
2232   0.93317  
2233   0.933212  
2234   0.933254  
2235   0.933296  
2236   0.933337  
2237   0.933379  
2238   0.933421  
2239   0.933463  
2240   0.933504  
2241   0.933546  
2242   0.933588  
2243   0.933629  
2244   0.933671  
2245   0.933712  
2246   0.933754  
2247   0.933795  
2248   0.933837  
2249   0.933878  
2250   0.933919  
2251   0.933961  
2252   0.934002  
2253   0.934043  
2254   0.934084  
2255   0.934125  
2256   0.934167  
2257   0.934208  
2258   0.934249  
2259   0.93429  
2260   0.934331  
2261   0.934372  
2262   0.934412  
2263   0.934453  
2264   0.934494  
2265   0.934535  
2266   0.934576  
2267   0.934617  
2268   0.934657  
2269   0.934698  
2270   0.934739  
2271   0.934779  
2272   0.93482  
2273   0.93486  
2274   0.934901  
2275   0.934941  
2276   0.934982  
2277   0.935022  
2278   0.935063  
2279   0.935103  
2280   0.935143  
2281   0.935183  
2282   0.935224  
2283   0.935264  
2284   0.935304  
2285   0.935344  
2286   0.935384  
2287   0.935424  
2288   0.935464  
2289   0.935504  
2290   0.935544  
2291   0.935584  
2292   0.935624  
2293   0.935664  
2294   0.935704  
2295   0.935744  
2296   0.935783  
2297   0.935823  
2298   0.935863  
2299   0.935902  
2300   0.935942  
2301   0.935982  
2302   0.936021  
2303   0.936061  
2304   0.9361  
2305   0.936139  
2306   0.936179  
2307   0.936218  
2308   0.936258  
2309   0.936297  
2310   0.936336  
2311   0.936376  
2312   0.936415  
2313   0.936454  
2314   0.936493  
2315   0.936532  
2316   0.936571  
2317   0.93661  
2318   0.936649  
2319   0.936688  
2320   0.936727  
2321   0.936766  
2322   0.936805  
2323   0.936844  
2324   0.936883  
2325   0.936922  
2326   0.93696  
2327   0.936999  
2328   0.937038  
2329   0.937076  
2330   0.937115  
2331   0.937154  
2332   0.937192  
2333   0.937231  
2334   0.937269  
2335   0.937307  
2336   0.937346  
2337   0.937384  
2338   0.937423  
2339   0.937461  
2340   0.937499  
2341   0.937538  
2342   0.937576  
2343   0.937614  
2344   0.937652  
2345   0.93769  
2346   0.937728  
2347   0.937766  
2348   0.937804  
2349   0.937842  
2350   0.93788  
2351   0.937918  
2352   0.937956  
2353   0.937994  
2354   0.938032  
2355   0.93807  
2356   0.938108  
2357   0.938145  
2358   0.938183  
2359   0.938221  
2360   0.938258  
2361   0.938296  
2362   0.938334  
2363   0.938371  
2364   0.938409  
2365   0.938446  
2366   0.938484  
2367   0.938521  
2368   0.938558  
2369   0.938596  
2370   0.938633  
2371   0.93867  
2372   0.938708  
2373   0.938745  
2374   0.938782  
2375   0.938819  
2376   0.938856  
2377   0.938893  
2378   0.938931  
2379   0.938968  
2380   0.939005  
2381   0.939042  
2382   0.939078  
2383   0.939115  
2384   0.939152  
2385   0.939189  
2386   0.939226  
2387   0.939263  
2388   0.9393  
2389   0.939336  
2390   0.939373  
2391   0.93941  
2392   0.939446  
2393   0.939483  
2394   0.939519  
2395   0.939556  
2396   0.939592  
2397   0.939629  
2398   0.939665  
2399   0.939702  
2400   0.939738  
2401   0.939775  
2402   0.939811  
2403   0.939847  
2404   0.939884  
2405   0.93992  
2406   0.939956  
2407   0.939992  
2408   0.940028  
2409   0.940064  
2410   0.9401  
2411   0.940136  
2412   0.940172  
2413   0.940208  
2414   0.940244  
2415   0.94028  
2416   0.940316  
2417   0.940352  
2418   0.940388  
2419   0.940424  
2420   0.940459  
2421   0.940495  
2422   0.940531  
2423   0.940567  
2424   0.940602  
2425   0.940638  
2426   0.940673  
2427   0.940709  
2428   0.940745  
2429   0.94078  
2430   0.940815  
2431   0.940851  
2432   0.940886  
2433   0.940922  
2434   0.940957  
2435   0.940992  
2436   0.941028  
2437   0.941063  
2438   0.941098  
2439   0.941133  
2440   0.941169  
2441   0.941204  
2442   0.941239  
2443   0.941274  
2444   0.941309  
2445   0.941344  
2446   0.941379  
2447   0.941414  
2448   0.941449  
2449   0.941484  
2450   0.941519  
2451   0.941553  
2452   0.941588  
2453   0.941623  
2454   0.941658  
2455   0.941692  
2456   0.941727  
2457   0.941762  
2458   0.941796  
2459   0.941831  
2460   0.941866  
2461   0.9419  
2462   0.941935  
2463   0.941969  
2464   0.942004  
2465   0.942038  
2466   0.942072  
2467   0.942107  
2468   0.942141  
2469   0.942175  
2470   0.94221  
2471   0.942244  
2472   0.942278  
2473   0.942312  
2474   0.942347  
2475   0.942381  
2476   0.942415  
2477   0.942449  
2478   0.942483  
2479   0.942517  
2480   0.942551  
2481   0.942585  
2482   0.942619  
2483   0.942653  
2484   0.942687  
2485   0.94272  
2486   0.942754  
2487   0.942788  
2488   0.942822  
2489   0.942856  
2490   0.942889  
2491   0.942923  
2492   0.942956  
2493   0.94299  
2494   0.943024  
2495   0.943057  
2496   0.943091  
2497   0.943124  
2498   0.943158  
2499   0.943191  
2500   0.943225  
2501   0.943258  
2502   0.943291  
2503   0.943325  
2504   0.943358  
2505   0.943391  
2506   0.943424  
2507   0.943458  
2508   0.943491  
2509   0.943524  
2510   0.943557  
2511   0.94359  
2512   0.943623  
2513   0.943656  
2514   0.943689  
2515   0.943722  
2516   0.943755  
2517   0.943788  
2518   0.943821  
2519   0.943854  
2520   0.943887  
2521   0.94392  
2522   0.943953  
2523   0.943985  
2524   0.944018  
2525   0.944051  
2526   0.944083  
2527   0.944116  
2528   0.944149  
2529   0.944181  
2530   0.944214  
2531   0.944246  
2532   0.944279  
2533   0.944312  
2534   0.944344  
2535   0.944376  
2536   0.944409  
2537   0.944441  
2538   0.944473  
2539   0.944506  
2540   0.944538  
2541   0.94457  
2542   0.944602  
2543   0.944635  
2544   0.944667  
2545   0.944699  
2546   0.944731  
2547   0.944763  
2548   0.944795  
2549   0.944827  
2550   0.944859  
2551   0.944892  
2552   0.944923  
2553   0.944955  
2554   0.944987  
2555   0.945019  
2556   0.945051  
2557   0.945083  
2558   0.945115  
2559   0.945146  
2560   0.945178  
2561   0.94521  
2562   0.945242  
2563   0.945273  
2564   0.945305  
2565   0.945337  
2566   0.945368  
2567   0.9454  
2568   0.945431  
2569   0.945463  
2570   0.945494  
2571   0.945526  
2572   0.945557  
2573   0.945588  
2574   0.94562  
2575   0.945651  
2576   0.945682  
2577   0.945714  
2578   0.945745  
2579   0.945776  
2580   0.945808  
2581   0.945839  
2582   0.94587  
2583   0.945901  
2584   0.945932  
2585   0.945963  
2586   0.945994  
2587   0.946025  
2588   0.946056  
2589   0.946087  
2590   0.946118  
2591   0.946149  
2592   0.94618  
2593   0.946211  
2594   0.946242  
2595   0.946272  
2596   0.946303  
2597   0.946334  
2598   0.946365  
2599   0.946395  
2600   0.946426  
2601   0.946457  
2602   0.946487  
2603   0.946518  
2604   0.946549  
2605   0.946579  
2606   0.94661  
2607   0.94664  
2608   0.946671  
2609   0.946701  
2610   0.946731  
2611   0.946762  
2612   0.946792  
2613   0.946823  
2614   0.946853  
2615   0.946883  
2616   0.946913  
2617   0.946944  
2618   0.946974  
2619   0.947004  
2620   0.947034  
2621   0.947064  
2622   0.947094  
2623   0.947125  
2624   0.947155  
2625   0.947185  
2626   0.947215  
2627   0.947245  
2628   0.947275  
2629   0.947305  
2630   0.947335  
2631   0.947364  
2632   0.947394  
2633   0.947424  
2634   0.947454  
2635   0.947484  
2636   0.947513  
2637   0.947543  
2638   0.947573  
2639   0.947602  
2640   0.947632  
2641   0.947662  
2642   0.947691  
2643   0.947721  
2644   0.947751  
2645   0.94778  
2646   0.94781  
2647   0.947839  
2648   0.947868  
2649   0.947898  
2650   0.947927  
2651   0.947957  
2652   0.947986  
2653   0.948015  
2654   0.948045  
2655   0.948074  
2656   0.948103  
2657   0.948132  
2658   0.948162  
2659   0.948191  
2660   0.94822  
2661   0.948249  
2662   0.948278  
2663   0.948307  
2664   0.948336  
2665   0.948365  
2666   0.948395  
2667   0.948424  
2668   0.948453  
2669   0.948481  
2670   0.94851  
2671   0.948539  
2672   0.948568  
2673   0.948597  
2674   0.948626  
2675   0.948655  
2676   0.948684  
2677   0.948712  
2678   0.948741  
2679   0.94877  
2680   0.948799  
2681   0.948827  
2682   0.948856  
2683   0.948885  
2684   0.948913  
2685   0.948942  
2686   0.948971  
2687   0.948999  
2688   0.949028  
2689   0.949056  
2690   0.949085  
2691   0.949113  
2692   0.949142  
2693   0.94917  
2694   0.949199  
2695   0.949227  
2696   0.949256  
2697   0.949284  
2698   0.949312  
2699   0.949341  
2700   0.949369  
2701   0.949397  
2702   0.949426  
2703   0.949454  
2704   0.949482  
2705   0.94951  
2706   0.949538  
2707   0.949567  
2708   0.949595  
2709   0.949623  
2710   0.949651  
2711   0.949679  
2712   0.949707  
2713   0.949735  
2714   0.949763  
2715   0.949791  
2716   0.949819  
2717   0.949847  
2718   0.949875  
2719   0.949903  
2720   0.949931  
2721   0.949959  
2722   0.949987  
2723   0.950014  
2724   0.950042  
2725   0.95007  
2726   0.950098  
2727   0.950126  
2728   0.950153  
2729   0.950181  
2730   0.950209  
2731   0.950236  
2732   0.950264  
2733   0.950292  
2734   0.950319  
2735   0.950347  
2736   0.950374  
2737   0.950402  
2738   0.950429  
2739   0.950457  
2740   0.950484  
2741   0.950512  
2742   0.950539  
2743   0.950567  
2744   0.950594  
2745   0.950622  
2746   0.950649  
2747   0.950676  
2748   0.950704  
2749   0.950731  
2750   0.950758  
2751   0.950785  
2752   0.950813  
2753   0.95084  
2754   0.950867  
2755   0.950894  
2756   0.950921  
2757   0.950949  
2758   0.950976  
2759   0.951003  
2760   0.95103  
2761   0.951057  
2762   0.951084  
2763   0.951111  
2764   0.951138  
2765   0.951165  
2766   0.951192  
2767   0.951219  
2768   0.951246  
2769   0.951273  
2770   0.9513  
2771   0.951326  
2772   0.951353  
2773   0.95138  
2774   0.951407  
2775   0.951434  
2776   0.95146  
2777   0.951487  
2778   0.951514  
2779   0.951541  
2780   0.951567  
2781   0.951594  
2782   0.951621  
2783   0.951647  
2784   0.951674  
2785   0.9517  
2786   0.951727  
2787   0.951753  
2788   0.95178  
2789   0.951806  
2790   0.951833  
2791   0.951859  
2792   0.951886  
2793   0.951912  
2794   0.951939  
2795   0.951965  
2796   0.951991  
2797   0.952018  
2798   0.952044  
2799   0.95207  
2800   0.952097  
2801   0.952123  
2802   0.952149  
2803   0.952175  
2804   0.952202  
2805   0.952228  
2806   0.952254  
2807   0.95228  
2808   0.952306  
2809   0.952332  
2810   0.952359  
2811   0.952385  
2812   0.952411  
2813   0.952437  
2814   0.952463  
2815   0.952489  
2816   0.952515  
2817   0.952541  
2818   0.952567  
2819   0.952593  
2820   0.952618  
2821   0.952644  
2822   0.95267  
2823   0.952696  
2824   0.952722  
2825   0.952748  
2826   0.952773  
2827   0.952799  
2828   0.952825  
2829   0.952851  
2830   0.952876  
2831   0.952902  
2832   0.952928  
2833   0.952953  
2834   0.952979  
2835   0.953005  
2836   0.95303  
2837   0.953056  
2838   0.953081  
2839   0.953107  
2840   0.953132  
2841   0.953158  
2842   0.953183  
2843   0.953209  
2844   0.953234  
2845   0.95326  
2846   0.953285  
2847   0.953311  
2848   0.953336  
2849   0.953361  
2850   0.953387  
2851   0.953412  
2852   0.953437  
2853   0.953462  
2854   0.953488  
2855   0.953513  
2856   0.953538  
2857   0.953563  
2858   0.953589  
2859   0.953614  
2860   0.953639  
2861   0.953664  
2862   0.953689  
2863   0.953714  
2864   0.953739  
2865   0.953764  
2866   0.953789  
2867   0.953814  
2868   0.953839  
2869   0.953864  
2870   0.953889  
2871   0.953914  
2872   0.953939  
2873   0.953964  
2874   0.953989  
2875   0.954014  
2876   0.954039  
2877   0.954064  
2878   0.954088  
2879   0.954113  
2880   0.954138  
2881   0.954163  
2882   0.954187  
2883   0.954212  
2884   0.954237  
2885   0.954261  
2886   0.954286  
2887   0.954311  
2888   0.954335  
2889   0.95436  
2890   0.954385  
2891   0.954409  
2892   0.954434  
2893   0.954458  
2894   0.954483  
2895   0.954507  
2896   0.954532  
2897   0.954556  
2898   0.954581  
2899   0.954605  
2900   0.95463  
2901   0.954654  
2902   0.954678  
2903   0.954703  
2904   0.954727  
2905   0.954751  
2906   0.954776  
2907   0.9548  
2908   0.954824  
2909   0.954848  
2910   0.954873  
2911   0.954897  
2912   0.954921  
2913   0.954945  
2914   0.954969  
2915   0.954994  
2916   0.955018  
2917   0.955042  
2918   0.955066  
2919   0.95509  
2920   0.955114  
2921   0.955138  
2922   0.955162  
2923   0.955186  
2924   0.95521  
2925   0.955234  
2926   0.955258  
2927   0.955282  
2928   0.955306  
2929   0.95533  
2930   0.955354  
2931   0.955377  
2932   0.955401  
2933   0.955425  
2934   0.955449  
2935   0.955473  
2936   0.955497  
2937   0.95552  
2938   0.955544  
2939   0.955568  
2940   0.955591  
2941   0.955615  
2942   0.955639  
2943   0.955662  
2944   0.955686  
2945   0.95571  
2946   0.955733  
2947   0.955757  
2948   0.95578  
2949   0.955804  
2950   0.955827  
2951   0.955851  
2952   0.955874  
2953   0.955898  
2954   0.955921  
2955   0.955945  
2956   0.955968  
2957   0.955992  
2958   0.956015  
2959   0.956038  
2960   0.956062  
2961   0.956085  
2962   0.956108  
2963   0.956132  
2964   0.956155  
2965   0.956178  
2966   0.956202  
2967   0.956225  
2968   0.956248  
2969   0.956271  
2970   0.956294  
2971   0.956317  
2972   0.956341  
2973   0.956364  
2974   0.956387  
2975   0.95641  
2976   0.956433  
2977   0.956456  
2978   0.956479  
2979   0.956502  
2980   0.956525  
2981   0.956548  
2982   0.956571  
2983   0.956594  
2984   0.956617  
2985   0.95664  
2986   0.956663  
2987   0.956686  
2988   0.956709  
2989   0.956732  
2990   0.956754  
2991   0.956777  
2992   0.9568  
2993   0.956823  
2994   0.956846  
2995   0.956868  
2996   0.956891  
2997   0.956914  
2998   0.956937  
2999   0.956959  
3000   0.956982  
3001   0.957005  
3002   0.957027  
3003   0.95705  
3004   0.957072  
3005   0.957095  
3006   0.957118  
3007   0.95714  
3008   0.957163  
3009   0.957185  
3010   0.957208  
3011   0.95723  
3012   0.957253  
3013   0.957275  
3014   0.957298  
3015   0.95732  
3016   0.957342  
3017   0.957365  
3018   0.957387  
3019   0.95741  
3020   0.957432  
3021   0.957454  
3022   0.957477  
3023   0.957499  
3024   0.957521  
3025   0.957543  
3026   0.957566  
3027   0.957588  
3028   0.95761  
3029   0.957632  
3030   0.957654  
3031   0.957677  
3032   0.957699  
3033   0.957721  
3034   0.957743  
3035   0.957765  
3036   0.957787  
3037   0.957809  
3038   0.957831  
3039   0.957853  
3040   0.957875  
3041   0.957897  
3042   0.957919  
3043   0.957941  
3044   0.957963  
3045   0.957985  
3046   0.958007  
3047   0.958029  
3048   0.958051  
3049   0.958073  
3050   0.958095  
3051   0.958117  
3052   0.958138  
3053   0.95816  
3054   0.958182  
3055   0.958204  
3056   0.958226  
3057   0.958247  
3058   0.958269  
3059   0.958291  
3060   0.958312  
3061   0.958334  
3062   0.958356  
3063   0.958377  
3064   0.958399  
3065   0.958421  
3066   0.958442  
3067   0.958464  
3068   0.958485  
3069   0.958507  
3070   0.958529  
3071   0.95855  
3072   0.958572  
3073   0.958593  
3074   0.958615  
3075   0.958636  
3076   0.958657  
3077   0.958679  
3078   0.9587  
3079   0.958722  
3080   0.958743  
3081   0.958764  
3082   0.958786  
3083   0.958807  
3084   0.958828  
3085   0.95885  
3086   0.958871  
3087   0.958892  
3088   0.958914  
3089   0.958935  
3090   0.958956  
3091   0.958977  
3092   0.958998  
3093   0.95902  
3094   0.959041  
3095   0.959062  
3096   0.959083  
3097   0.959104  
3098   0.959125  
3099   0.959146  
3100   0.959167  
3101   0.959189  
3102   0.95921  
3103   0.959231  
3104   0.959252  
3105   0.959273  
3106   0.959294  
3107   0.959315  
3108   0.959336  
3109   0.959356  
3110   0.959377  
3111   0.959398  
3112   0.959419  
3113   0.95944  
3114   0.959461  
3115   0.959482  
3116   0.959503  
3117   0.959523  
3118   0.959544  
3119   0.959565  
3120   0.959586  
3121   0.959607  
3122   0.959627  
3123   0.959648  
3124   0.959669  
3125   0.959689  
3126   0.95971  
3127   0.959731  
3128   0.959751  
3129   0.959772  
3130   0.959793  
3131   0.959813  
3132   0.959834  
3133   0.959854  
3134   0.959875  
3135   0.959896  
3136   0.959916  
3137   0.959937  
3138   0.959957  
3139   0.959978  
3140   0.959998  
3141   0.960019  
3142   0.960039  
3143   0.96006  
3144   0.96008  
3145   0.960101  
3146   0.960121  
3147   0.960141  
3148   0.960162  
3149   0.960182  
3150   0.960203  
3151   0.960223  
3152   0.960243  
3153   0.960264  
3154   0.960284  
3155   0.960304  
3156   0.960324  
3157   0.960345  
3158   0.960365  
3159   0.960385  
3160   0.960405  
3161   0.960426  
3162   0.960446  
3163   0.960466  
3164   0.960486  
3165   0.960507  
3166   0.960527  
3167   0.960547  
3168   0.960567  
3169   0.960587  
3170   0.960607  
3171   0.960627  
3172   0.960647  
3173   0.960668  
3174   0.960688  
3175   0.960708  
3176   0.960728  
3177   0.960748  
3178   0.960768  
3179   0.960788  
3180   0.960808  
3181   0.960828  
3182   0.960848  
3183   0.960868  
3184   0.960888  
3185   0.960907  
3186   0.960927  
3187   0.960947  
3188   0.960967  
3189   0.960987  
3190   0.961007  
3191   0.961027  
3192   0.961047  
3193   0.961066  
3194   0.961086  
3195   0.961106  
3196   0.961126  
3197   0.961146  
3198   0.961165  
3199   0.961185  
3200   0.961205  
3201   0.961225  
3202   0.961244  
3203   0.961264  
3204   0.961284  
3205   0.961303  
3206   0.961323  
3207   0.961343  
3208   0.961362  
3209   0.961382  
3210   0.961401  
3211   0.961421  
3212   0.961441  
3213   0.96146  
3214   0.96148  
3215   0.961499  
3216   0.961519  
3217   0.961538  
3218   0.961558  
3219   0.961577  
3220   0.961597  
3221   0.961616  
3222   0.961636  
3223   0.961655  
3224   0.961675  
3225   0.961694  
3226   0.961713  
3227   0.961733  
3228   0.961752  
3229   0.961772  
3230   0.961791  
3231   0.96181  
3232   0.96183  
3233   0.961849  
3234   0.961868  
3235   0.961888  
3236   0.961907  
3237   0.961926  
3238   0.961945  
3239   0.961965  
3240   0.961984  
3241   0.962003  
3242   0.962022  
3243   0.962041  
3244   0.962061  
3245   0.96208  
3246   0.962099  
3247   0.962118  
3248   0.962137  
3249   0.962156  
3250   0.962175  
3251   0.962195  
3252   0.962214  
3253   0.962233  
3254   0.962252  
3255   0.962271  
3256   0.96229  
3257   0.962309  
3258   0.962328  
3259   0.962347  
3260   0.962366  
3261   0.962385  
3262   0.962404  
3263   0.962423  
3264   0.962442  
3265   0.962461  
3266   0.962479  
3267   0.962498  
3268   0.962517  
3269   0.962536  
3270   0.962555  
3271   0.962574  
3272   0.962593  
3273   0.962612  
3274   0.96263  
3275   0.962649  
3276   0.962668  
3277   0.962687  
3278   0.962705  
3279   0.962724  
3280   0.962743  
3281   0.962762  
3282   0.96278  
3283   0.962799  
3284   0.962818  
3285   0.962836  
3286   0.962855  
3287   0.962874  
3288   0.962892  
3289   0.962911  
3290   0.96293  
3291   0.962948  
3292   0.962967  
3293   0.962985  
3294   0.963004  
3295   0.963023  
3296   0.963041  
3297   0.96306  
3298   0.963078  
3299   0.963097  
3300   0.963115  
3301   0.963134  
3302   0.963152  
3303   0.963171  
3304   0.963189  
3305   0.963207  
3306   0.963226  
3307   0.963244  
3308   0.963263  
3309   0.963281  
3310   0.963299  
3311   0.963318  
3312   0.963336  
3313   0.963354  
3314   0.963373  
3315   0.963391  
3316   0.963409  
3317   0.963428  
3318   0.963446  
3319   0.963464  
3320   0.963483  
3321   0.963501  
3322   0.963519  
3323   0.963537  
3324   0.963555  
3325   0.963574  
3326   0.963592  
3327   0.96361  
3328   0.963628  
3329   0.963646  
3330   0.963664  
3331   0.963682  
3332   0.963701  
3333   0.963719  
3334   0.963737  
3335   0.963755  
3336   0.963773  
3337   0.963791  
3338   0.963809  
3339   0.963827  
3340   0.963845  
3341   0.963863  
3342   0.963881  
3343   0.963899  
3344   0.963917  
3345   0.963935  
3346   0.963953  
3347   0.963971  
3348   0.963989  
3349   0.964007  
3350   0.964025  
3351   0.964042  
3352   0.96406  
3353   0.964078  
3354   0.964096  
3355   0.964114  
3356   0.964132  
3357   0.96415  
3358   0.964167  
3359   0.964185  
3360   0.964203  
3361   0.964221  
3362   0.964239  
3363   0.964256  
3364   0.964274  
3365   0.964292  
3366   0.964309  
3367   0.964327  
3368   0.964345  
3369   0.964363  
3370   0.96438  
3371   0.964398  
3372   0.964415  
3373   0.964433  
3374   0.964451  
3375   0.964468  
3376   0.964486  
3377   0.964503  
3378   0.964521  
3379   0.964539  
3380   0.964556  
3381   0.964574  
3382   0.964591  
3383   0.964609  
3384   0.964626  
3385   0.964644  
3386   0.964661  
3387   0.964679  
3388   0.964696  
3389   0.964714  
3390   0.964731  
3391   0.964749  
3392   0.964766  
3393   0.964783  
3394   0.964801  
3395   0.964818  
3396   0.964835  
3397   0.964853  
3398   0.96487  
3399   0.964887  
3400   0.964905  
3401   0.964922  
3402   0.964939  
3403   0.964957  
3404   0.964974  
3405   0.964991  
3406   0.965009  
3407   0.965026  
3408   0.965043  
3409   0.96506  
3410   0.965077  
3411   0.965095  
3412   0.965112  
3413   0.965129  
3414   0.965146  
3415   0.965163  
3416   0.96518  
3417   0.965198  
3418   0.965215  
3419   0.965232  
3420   0.965249  
3421   0.965266  
3422   0.965283  
3423   0.9653  
3424   0.965317  
3425   0.965334  
3426   0.965351  
3427   0.965368  
3428   0.965385  
3429   0.965402  
3430   0.965419  
3431   0.965436  
3432   0.965453  
3433   0.96547  
3434   0.965487  
3435   0.965504  
3436   0.965521  
3437   0.965538  
3438   0.965555  
3439   0.965572  
3440   0.965588  
3441   0.965605  
3442   0.965622  
3443   0.965639  
3444   0.965656  
3445   0.965673  
3446   0.965689  
3447   0.965706  
3448   0.965723  
3449   0.96574  
3450   0.965757  
3451   0.965773  
3452   0.96579  
3453   0.965807  
3454   0.965824  
3455   0.96584  
3456   0.965857  
3457   0.965874  
3458   0.96589  
3459   0.965907  
3460   0.965924  
3461   0.96594  
3462   0.965957  
3463   0.965973  
3464   0.96599  
3465   0.966007  
3466   0.966023  
3467   0.96604  
3468   0.966056  
3469   0.966073  
3470   0.96609  
3471   0.966106  
3472   0.966123  
3473   0.966139  
3474   0.966156  
3475   0.966172  
3476   0.966189  
3477   0.966205  
3478   0.966221  
3479   0.966238  
3480   0.966254  
3481   0.966271  
3482   0.966287  
3483   0.966304  
3484   0.96632  
3485   0.966336  
3486   0.966353  
3487   0.966369  
3488   0.966385  
3489   0.966402  
3490   0.966418  
3491   0.966434  
3492   0.966451  
3493   0.966467  
3494   0.966483  
3495   0.9665  
3496   0.966516  
3497   0.966532  
3498   0.966548  
3499   0.966564  
3500   0.966581  
3501   0.966597  
3502   0.966613  
3503   0.966629  
3504   0.966645  
3505   0.966662  
3506   0.966678  
3507   0.966694  
3508   0.96671  
3509   0.966726  
3510   0.966742  
3511   0.966758  
3512   0.966775  
3513   0.966791  
3514   0.966807  
3515   0.966823  
3516   0.966839  
3517   0.966855  
3518   0.966871  
3519   0.966887  
3520   0.966903  
3521   0.966919  
3522   0.966935  
3523   0.966951  
3524   0.966967  
3525   0.966983  
3526   0.966999  
3527   0.967015  
3528   0.967031  
3529   0.967046  
3530   0.967062  
3531   0.967078  
3532   0.967094  
3533   0.96711  
3534   0.967126  
3535   0.967142  
3536   0.967157  
3537   0.967173  
3538   0.967189  
3539   0.967205  
3540   0.967221  
3541   0.967237  
3542   0.967252  
3543   0.967268  
3544   0.967284  
3545   0.9673  
3546   0.967315  
3547   0.967331  
3548   0.967347  
3549   0.967362  
3550   0.967378  
3551   0.967394  
3552   0.967409  
3553   0.967425  
3554   0.967441  
3555   0.967456  
3556   0.967472  
3557   0.967488  
3558   0.967503  
3559   0.967519  
3560   0.967534  
3561   0.96755  
3562   0.967566  
3563   0.967581  
3564   0.967597  
3565   0.967612  
3566   0.967628  
3567   0.967643  
3568   0.967659  
3569   0.967674  
3570   0.96769  
3571   0.967705  
3572   0.967721  
3573   0.967736  
3574   0.967752  
3575   0.967767  
3576   0.967782  
3577   0.967798  
3578   0.967813  
3579   0.967829  
3580   0.967844  
3581   0.967859  
3582   0.967875  
3583   0.96789  
3584   0.967905  
3585   0.967921  
3586   0.967936  
3587   0.967951  
3588   0.967967  
3589   0.967982  
3590   0.967997  
3591   0.968013  
3592   0.968028  
3593   0.968043  
3594   0.968058  
3595   0.968074  
3596   0.968089  
3597   0.968104  
3598   0.968119  
3599   0.968135  
3600   0.96815  
3601   0.968165  
3602   0.96818  
3603   0.968195  
3604   0.96821  
3605   0.968226  
3606   0.968241  
3607   0.968256  
3608   0.968271  
3609   0.968286  
3610   0.968301  
3611   0.968316  
3612   0.968331  
3613   0.968346  
3614   0.968362  
3615   0.968377  
3616   0.968392  
3617   0.968407  
3618   0.968422  
3619   0.968437  
3620   0.968452  
3621   0.968467  
3622   0.968482  
3623   0.968497  
3624   0.968512  
3625   0.968527  
3626   0.968542  
3627   0.968557  
3628   0.968572  
3629   0.968587  
3630   0.968602  
3631   0.968616  
3632   0.968631  
3633   0.968646  
3634   0.968661  
3635   0.968676  
3636   0.968691  
3637   0.968706  
3638   0.968721  
3639   0.968736  
3640   0.96875  
3641   0.968765  
3642   0.96878  
3643   0.968795  
3644   0.96881  
3645   0.968825  
3646   0.968839  
3647   0.968854  
3648   0.968869  
3649   0.968884  
3650   0.968898  
3651   0.968913  
3652   0.968928  
3653   0.968943  
3654   0.968957  
3655   0.968972  
3656   0.968987  
3657   0.969001  
3658   0.969016  
3659   0.969031  
3660   0.969045  
3661   0.96906  
3662   0.969075  
3663   0.969089  
3664   0.969104  
3665   0.969119  
3666   0.969133  
3667   0.969148  
3668   0.969163  
3669   0.969177  
3670   0.969192  
3671   0.969206  
3672   0.969221  
3673   0.969235  
3674   0.96925  
3675   0.969264  
3676   0.969279  
3677   0.969293  
3678   0.969308  
3679   0.969322  
3680   0.969337  
3681   0.969352  
3682   0.969366  
3683   0.96938  
3684   0.969395  
3685   0.969409  
3686   0.969424  
3687   0.969438  
3688   0.969453  
3689   0.969467  
3690   0.969482  
3691   0.969496  
3692   0.96951  
3693   0.969525  
3694   0.969539  
3695   0.969553  
3696   0.969568  
3697   0.969582  
3698   0.969596  
3699   0.969611  
3700   0.969625  
3701   0.969639  
3702   0.969654  
3703   0.969668  
3704   0.969682  
3705   0.969697  
3706   0.969711  
3707   0.969725  
3708   0.969739  
3709   0.969754  
3710   0.969768  
3711   0.969782  
3712   0.969796  
3713   0.969811  
3714   0.969825  
3715   0.969839  
3716   0.969853  
3717   0.969867  
3718   0.969882  
3719   0.969896  
3720   0.96991  
3721   0.969924  
3722   0.969938  
3723   0.969952  
3724   0.969966  
3725   0.969981  
3726   0.969995  
3727   0.970009  
3728   0.970023  
3729   0.970037  
3730   0.970051  
3731   0.970065  
3732   0.970079  
3733   0.970093  
3734   0.970107  
3735   0.970121  
3736   0.970135  
3737   0.970149  
3738   0.970163  
3739   0.970177  
3740   0.970191  
3741   0.970205  
3742   0.970219  
3743   0.970233  
3744   0.970247  
3745   0.970261  
3746   0.970275  
3747   0.970289  
3748   0.970303  
3749   0.970317  
3750   0.970331  
3751   0.970345  
3752   0.970359  
3753   0.970372  
3754   0.970386  
3755   0.9704  
3756   0.970414  
3757   0.970428  
3758   0.970442  
3759   0.970456  
3760   0.970469  
3761   0.970483  
3762   0.970497  
3763   0.970511  
3764   0.970525  
3765   0.970538  
3766   0.970552  
3767   0.970566  
3768   0.97058  
3769   0.970593  
3770   0.970607  
3771   0.970621  
3772   0.970635  
3773   0.970648  
3774   0.970662  
3775   0.970676  
3776   0.970689  
3777   0.970703  
3778   0.970717  
3779   0.97073  
3780   0.970744  
3781   0.970758  
3782   0.970771  
3783   0.970785  
3784   0.970799  
3785   0.970812  
3786   0.970826  
3787   0.97084  
3788   0.970853  
3789   0.970867  
3790   0.97088  
3791   0.970894  
3792   0.970907  
3793   0.970921  
3794   0.970935  
3795   0.970948  
3796   0.970962  
3797   0.970975  
3798   0.970989  
3799   0.971002  
3800   0.971016  
3801   0.971029  
3802   0.971043  
3803   0.971056  
3804   0.97107  
3805   0.971083  
3806   0.971097  
3807   0.97111  
3808   0.971123  
3809   0.971137  
3810   0.97115  
3811   0.971164  
3812   0.971177  
3813   0.97119  
3814   0.971204  
3815   0.971217  
3816   0.971231  
3817   0.971244  
3818   0.971257  
3819   0.971271  
3820   0.971284  
3821   0.971297  
3822   0.971311  
3823   0.971324  
3824   0.971337  
3825   0.971351  
3826   0.971364  
3827   0.971377  
3828   0.97139  
3829   0.971404  
3830   0.971417  
3831   0.97143  
3832   0.971444  
3833   0.971457  
3834   0.97147  
3835   0.971483  
3836   0.971496  
3837   0.97151  
3838   0.971523  
3839   0.971536  
3840   0.971549  
3841   0.971562  
3842   0.971576  
3843   0.971589  
3844   0.971602  
3845   0.971615  
3846   0.971628  
3847   0.971641  
3848   0.971654  
3849   0.971668  
3850   0.971681  
3851   0.971694  
3852   0.971707  
3853   0.97172  
3854   0.971733  
3855   0.971746  
3856   0.971759  
3857   0.971772  
3858   0.971785  
3859   0.971798  
3860   0.971811  
3861   0.971824  
3862   0.971837  
3863   0.97185  
3864   0.971863  
3865   0.971876  
3866   0.971889  
3867   0.971902  
3868   0.971915  
3869   0.971928  
3870   0.971941  
3871   0.971954  
3872   0.971967  
3873   0.97198  
3874   0.971993  
3875   0.972006  
3876   0.972019  
3877   0.972032  
3878   0.972044  
3879   0.972057  
3880   0.97207  
3881   0.972083  
3882   0.972096  
3883   0.972109  
3884   0.972122  
3885   0.972134  
3886   0.972147  
3887   0.97216  
3888   0.972173  
3889   0.972186  
3890   0.972199  
3891   0.972211  
3892   0.972224  
3893   0.972237  
3894   0.97225  
3895   0.972262  
3896   0.972275  
3897   0.972288  
3898   0.972301  
3899   0.972313  
3900   0.972326  
3901   0.972339  
3902   0.972352  
3903   0.972364  
3904   0.972377  
3905   0.97239  
3906   0.972402  
3907   0.972415  
3908   0.972428  
3909   0.97244  
3910   0.972453  
3911   0.972466  
3912   0.972478  
3913   0.972491  
3914   0.972503  
3915   0.972516  
3916   0.972529  
3917   0.972541  
3918   0.972554  
3919   0.972566  
3920   0.972579  
3921   0.972592  
3922   0.972604  
3923   0.972617  
3924   0.972629  
3925   0.972642  
3926   0.972654  
3927   0.972667  
3928   0.972679  
3929   0.972692  
3930   0.972704  
3931   0.972717  
3932   0.972729  
3933   0.972742  
3934   0.972754  
3935   0.972767  
3936   0.972779  
3937   0.972792  
3938   0.972804  
3939   0.972816  
3940   0.972829  
3941   0.972841  
3942   0.972854  
3943   0.972866  
3944   0.972878  
3945   0.972891  
3946   0.972903  
3947   0.972916  
3948   0.972928  
3949   0.97294  
3950   0.972953  
3951   0.972965  
3952   0.972977  
3953   0.97299  
3954   0.973002  
3955   0.973014  
3956   0.973027  
3957   0.973039  
3958   0.973051  
3959   0.973063  
3960   0.973076  
3961   0.973088  
3962   0.9731  
3963   0.973113  
3964   0.973125  
3965   0.973137  
3966   0.973149  
3967   0.973162  
3968   0.973174  
3969   0.973186  
3970   0.973198  
3971   0.97321  
3972   0.973223  
3973   0.973235  
3974   0.973247  
3975   0.973259  
3976   0.973271  
3977   0.973283  
3978   0.973295  
3979   0.973308  
3980   0.97332  
3981   0.973332  
3982   0.973344  
3983   0.973356  
3984   0.973368  
3985   0.97338  
3986   0.973392  
3987   0.973405  
3988   0.973417  
3989   0.973429  
3990   0.973441  
3991   0.973453  
3992   0.973465  
3993   0.973477  
3994   0.973489  
3995   0.973501  
3996   0.973513  
3997   0.973525  
3998   0.973537  
3999   0.973549  
