0   0.0701576  
1   0.132701  
2   0.188414  
3   0.238008  
4   0.282129  
5   0.321359  
6   0.356223  
7   0.387194  
8   0.414696  
9   0.439109  
10   0.462586  
11   0.484252  
12   0.50501  
13   0.524233  
14   0.542583  
15   0.559635  
16   0.575855  
17   0.590979  
18   0.605312  
19   0.618725  
20   0.631391  
21   0.643285  
22   0.654476  
23   0.665024  
24   0.674911  
25   0.684265  
26   0.693001  
27   0.701296  
28   0.709029  
29   0.716748  
30   0.724105  
31   0.730994  
32   0.737814  
33   0.744341  
34   0.750476  
35   0.756504  
36   0.762295  
37   0.767759  
38   0.773086  
39   0.778226  
40   0.783091  
41   0.787801  
42   0.792363  
43   0.796696  
44   0.80086  
45   0.804912  
46   0.808771  
47   0.812455  
48   0.816055  
49   0.819492  
50   0.822751  
51   0.825951  
52   0.829052  
53   0.832114  
54   0.835  
55   0.837845  
56   0.840644  
57   0.843373  
58   0.845928  
59   0.84846  
60   0.850985  
61   0.853418  
62   0.855695  
63   0.857959  
64   0.860213  
65   0.862384  
66   0.864437  
67   0.866445  
68   0.868451  
69   0.870389  
70   0.87224  
71   0.87403  
72   0.87581  
73   0.87754  
74   0.879209  
75   0.880806  
76   0.882402  
77   0.883982  
78   0.885528  
79   0.887032  
80   0.888485  
81   0.889911  
82   0.891315  
83   0.892697  
84   0.894054  
85   0.895376  
86   0.896651  
87   0.897899  
88   0.899135  
89   0.90036  
90   0.901561  
91   0.902702  
92   0.903813  
93   0.90492  
94   0.906025  
95   0.907117  
96   0.908139  
97   0.909137  
98   0.910129  
99   0.911121  
100   0.912111  
101   0.913065  
102   0.913981  
103   0.914883  
104   0.915784  
105   0.916674  
106   0.917557  
107   0.918427  
108   0.91925  
109   0.920069  
110   0.920883  
111   0.921682  
112   0.922475  
113   0.923264  
114   0.924008  
115   0.924747  
116   0.925483  
117   0.926206  
118   0.926924  
119   0.927629  
120   0.928306  
121   0.928972  
122   0.929637  
123   0.930295  
124   0.930942  
125   0.931573  
126   0.932188  
127   0.932791  
128   0.933391  
129   0.93399  
130   0.934582  
131   0.935164  
132   0.935731  
133   0.93629  
134   0.936836  
135   0.937382  
136   0.937923  
137   0.938464  
138   0.938989  
139   0.939498  
140   0.940007  
141   0.940505  
142   0.941  
143   0.941494  
144   0.941983  
145   0.942457  
146   0.94292  
147   0.943378  
148   0.943832  
149   0.944284  
150   0.944733  
151   0.945175  
152   0.945604  
153   0.946025  
154   0.946439  
155   0.946853  
156   0.947266  
157   0.947673  
158   0.948074  
159   0.948462  
160   0.948846  
161   0.949224  
162   0.949602  
163   0.949978  
164   0.950351  
165   0.95072  
166   0.951084  
167   0.951437  
168   0.951786  
169   0.952132  
170   0.952478  
171   0.952823  
172   0.953161  
173   0.953496  
174   0.953827  
175   0.954147  
176   0.954466  
177   0.954784  
178   0.955101  
179   0.955415  
180   0.955722  
181   0.956026  
182   0.956328  
183   0.956621  
184   0.956912  
185   0.957202  
186   0.957492  
187   0.957779  
188   0.958058  
189   0.958335  
190   0.95861  
191   0.958879  
192   0.959145  
193   0.95941  
194   0.959674  
195   0.959937  
196   0.960191  
197   0.960444  
198   0.960695  
199   0.960946  
200   0.961194  
201   0.961438  
202   0.96168  
203   0.961921  
204   0.962161  
205   0.962395  
206   0.962627  
207   0.962856  
208   0.963085  
209   0.963313  
210   0.963537  
211   0.963758  
212   0.963978  
213   0.964198  
214   0.964414  
215   0.964626  
216   0.964836  
217   0.965046  
218   0.965254  
219   0.965459  
220   0.965661  
221   0.965862  
222   0.966063  
223   0.966263  
224   0.966457  
225   0.96665  
226   0.966843  
227   0.967033  
228   0.967221  
229   0.967406  
230   0.967591  
231   0.967775  
232   0.967959  
233   0.968137  
234   0.968314  
235   0.968492  
236   0.968669  
237   0.968842  
238   0.969015  
239   0.969185  
240   0.969355  
241   0.969524  
242   0.969692  
243   0.969856  
244   0.97002  
245   0.970183  
246   0.970346  
247   0.970505  
248   0.970663  
249   0.97082  
250   0.970976  
251   0.971131  
252   0.971285  
253   0.971437  
254   0.971588  
255   0.971738  
256   0.971888  
257   0.972034  
258   0.972179  
259   0.972324  
260   0.972467  
261   0.972609  
262   0.97275  
263   0.972891  
264   0.97303  
265   0.973169  
266   0.973307  
267   0.973441  
268   0.973575  
269   0.973707  
270   0.973839  
271   0.97397  
272   0.9741  
273   0.974229  
274   0.974358  
275   0.974486  
276   0.974613  
277   0.974739  
278   0.974863  
279   0.974986  
280   0.975108  
281   0.975229  
282   0.97535  
283   0.975469  
284   0.975588  
285   0.975707  
286   0.975825  
287   0.975942  
288   0.976059  
289   0.976173  
290   0.976287  
291   0.976399  
292   0.976511  
293   0.976622  
294   0.976732  
295   0.976842  
296   0.976952  
297   0.97706  
298   0.977169  
299   0.977277  
300   0.977383  
301   0.977487  
302   0.977591  
303   0.977694  
304   0.977796  
305   0.977898  
306   0.978  
307   0.978101  
308   0.978202  
309   0.978302  
310   0.978401  
311   0.978499  
312   0.978595  
313   0.978691  
314   0.978786  
315   0.978881  
316   0.978975  
317   0.979069  
318   0.979163  
319   0.979256  
320   0.979348  
321   0.97944  
322   0.97953  
323   0.97962  
324   0.979709  
325   0.979798  
326   0.979886  
327   0.979974  
328   0.980061  
329   0.980148  
330   0.980235  
331   0.98032  
332   0.980405  
333   0.98049  
334   0.980574  
335   0.980657  
336   0.98074  
337   0.980821  
338   0.980903  
339   0.980985  
340   0.981066  
341   0.981146  
342   0.981227  
343   0.981305  
344   0.981384  
345   0.981462  
346   0.98154  
347   0.981617  
348   0.981693  
349   0.981769  
350   0.981845  
351   0.98192  
352   0.981996  
353   0.98207  
354   0.982144  
355   0.982218  
356   0.98229  
357   0.982362  
358   0.982434  
359   0.982505  
360   0.982576  
361   0.982646  
362   0.982717  
363   0.982787  
364   0.982856  
365   0.982925  
366   0.982994  
367   0.983062  
368   0.983129  
369   0.983195  
370   0.983262  
371   0.983328  
372   0.983394  
373   0.98346  
374   0.983526  
375   0.983591  
376   0.983656  
377   0.98372  
378   0.983784  
379   0.983848  
380   0.983911  
381   0.983973  
382   0.984035  
383   0.984096  
384   0.984158  
385   0.984219  
386   0.98428  
387   0.984341  
388   0.984402  
389   0.984461  
390   0.984521  
391   0.98458  
392   0.984639  
393   0.984698  
394   0.984756  
395   0.984813  
396   0.98487  
397   0.984927  
398   0.984984  
399   0.985041  
400   0.985097  
401   0.985153  
402   0.985208  
403   0.985263  
404   0.985319  
405   0.985373  
406   0.985428  
407   0.985482  
408   0.985535  
409   0.985589  
410   0.985642  
411   0.985694  
412   0.985747  
413   0.985799  
414   0.98585  
415   0.985902  
416   0.985953  
417   0.986004  
418   0.986055  
419   0.986105  
420   0.986155  
421   0.986205  
422   0.986255  
423   0.986305  
424   0.986354  
425   0.986402  
426   0.986451  
427   0.986499  
428   0.986547  
429   0.986595  
430   0.986642  
431   0.986689  
432   0.986736  
433   0.986783  
434   0.98683  
435   0.986876  
436   0.986923  
437   0.986969  
438   0.987015  
439   0.98706  
440   0.987105  
441   0.98715  
442   0.987194  
443   0.987238  
444   0.987282  
445   0.987326  
446   0.98737  
447   0.987413  
448   0.987457  
449   0.9875  
450   0.987543  
451   0.987587  
452   0.987629  
453   0.987671  
454   0.987713  
455   0.987755  
456   0.987796  
457   0.987837  
458   0.987877  
459   0.987918  
460   0.987959  
461   0.987999  
462   0.98804  
463   0.98808  
464   0.98812  
465   0.98816  
466   0.9882  
467   0.98824  
468   0.988278  
469   0.988317  
470   0.988355  
471   0.988393  
472   0.988431  
473   0.988469  
474   0.988507  
475   0.988544  
476   0.988582  
477   0.988619  
478   0.988657  
479   0.988694  
480   0.988731  
481   0.988768  
482   0.988804  
483   0.98884  
484   0.988876  
485   0.988912  
486   0.988948  
487   0.988983  
488   0.989018  
489   0.989053  
490   0.989088  
491   0.989123  
492   0.989157  
493   0.989192  
494   0.989227  
495   0.989261  
496   0.989295  
497   0.989329  
498   0.989363  
499   0.989397  
500   0.98943  
501   0.989463  
502   0.989496  
503   0.989529  
504   0.989561  
505   0.989594  
506   0.989626  
507   0.989658  
508   0.98969  
509   0.989723  
510   0.989755  
511   0.989787  
512   0.989818  
513   0.98985  
514   0.989882  
515   0.989913  
516   0.989944  
517   0.989974  
518   0.990004  
519   0.990035  
520   0.990065  
521   0.990095  
522   0.990125  
523   0.990154  
524   0.990184  
525   0.990214  
526   0.990244  
527   0.990274  
528   0.990303  
529   0.990332  
530   0.990362  
531   0.99039  
532   0.990419  
533   0.990447  
534   0.990475  
535   0.990503  
536   0.990531  
537   0.990559  
538   0.990587  
539   0.990615  
540   0.990643  
541   0.99067  
542   0.990698  
543   0.990725  
544   0.990753  
545   0.99078  
546   0.990807  
547   0.990834  
548   0.990861  
549   0.990887  
550   0.990913  
551   0.99094  
552   0.990966  
553   0.990992  
554   0.991018  
555   0.991043  
556   0.991069  
557   0.991095  
558   0.991121  
559   0.991146  
560   0.991171  
561   0.991197  
562   0.991222  
563   0.991247  
564   0.991272  
565   0.991297  
566   0.991322  
567   0.991346  
568   0.99137  
569   0.991395  
570   0.991419  
571   0.991443  
572   0.991467  
573   0.99149  
574   0.991514  
575   0.991538  
576   0.991562  
577   0.991585  
578   0.991609  
579   0.991632  
580   0.991655  
581   0.991679  
582   0.991702  
583   0.991724  
584   0.991747  
585   0.99177  
586   0.991792  
587   0.991815  
588   0.991837  
589   0.991859  
590   0.991881  
591   0.991903  
592   0.991925  
593   0.991947  
594   0.991969  
595   0.991991  
596   0.992013  
597   0.992034  
598   0.992056  
599   0.992077  
600   0.992098  
601   0.992119  
602   0.99214  
603   0.992161  
604   0.992182  
605   0.992203  
606   0.992224  
607   0.992244  
608   0.992265  
609   0.992285  
610   0.992306  
611   0.992326  
612   0.992347  
613   0.992367  
614   0.992387  
615   0.992407  
616   0.992426  
617   0.992446  
618   0.992466  
619   0.992486  
620   0.992505  
621   0.992525  
622   0.992544  
623   0.992564  
624   0.992583  
625   0.992602  
626   0.992621  
627   0.99264  
628   0.992659  
629   0.992678  
630   0.992697  
631   0.992715  
632   0.992734  
633   0.992752  
634   0.992771  
635   0.992789  
636   0.992807  
637   0.992826  
638   0.992844  
639   0.992862  
640   0.99288  
641   0.992898  
642   0.992916  
643   0.992934  
644   0.992952  
645   0.992969  
646   0.992987  
647   0.993004  
648   0.993021  
649   0.993039  
650   0.993056  
651   0.993073  
652   0.99309  
653   0.993107  
654   0.993124  
655   0.993141  
656   0.993158  
657   0.993175  
658   0.993192  
659   0.993209  
660   0.993226  
661   0.993242  
662   0.993258  
663   0.993275  
664   0.993291  
665   0.993307  
666   0.993323  
667   0.993339  
668   0.993355  
669   0.993371  
670   0.993387  
671   0.993403  
672   0.993419  
673   0.993435  
674   0.993451  
675   0.993466  
676   0.993482  
677   0.993498  
678   0.993513  
679   0.993528  
680   0.993544  
681   0.993559  
682   0.993574  
683   0.993589  
684   0.993604  
685   0.993619  
686   0.993634  
687   0.993649  
688   0.993664  
689   0.993679  
690   0.993694  
691   0.993708  
692   0.993723  
693   0.993738  
694   0.993752  
695   0.993767  
696   0.993781  
697   0.993795  
698   0.99381  
699   0.993824  
700   0.993838  
701   0.993852  
702   0.993866  
703   0.99388  
704   0.993894  
705   0.993908  
706   0.993922  
707   0.993936  
708   0.993949  
709   0.993963  
710   0.993977  
711   0.99399  
712   0.994004  
713   0.994017  
714   0.994031  
715   0.994044  
716   0.994058  
717   0.994071  
718   0.994084  
719   0.994097  
720   0.99411  
721   0.994123  
722   0.994136  
723   0.994149  
724   0.994162  
725   0.994175  
726   0.994188  
727   0.994201  
728   0.994213  
729   0.994226  
730   0.994239  
731   0.994251  
732   0.994264  
733   0.994276  
734   0.994289  
735   0.994301  
736   0.994313  
737   0.994325  
738   0.994338  
739   0.99435  
740   0.994362  
741   0.994374  
742   0.994386  
743   0.994398  
744   0.99441  
745   0.994422  
746   0.994434  
747   0.994446  
748   0.994457  
749   0.994469  
750   0.994481  
751   0.994493  
752   0.994504  
753   0.994516  
754   0.994527  
755   0.994539  
756   0.99455  
757   0.994561  
758   0.994573  
759   0.994584  
760   0.994595  
761   0.994607  
762   0.994618  
763   0.994629  
764   0.99464  
765   0.994651  
766   0.994662  
767   0.994673  
768   0.994684  
769   0.994695  
770   0.994705  
771   0.994716  
772   0.994727  
773   0.994738  
774   0.994748  
775   0.994759  
776   0.994769  
777   0.99478  
778   0.994791  
779   0.994801  
780   0.994811  
781   0.994822  
782   0.994832  
783   0.994843  
784   0.994853  
785   0.994863  
786   0.994873  
787   0.994883  
788   0.994893  
789   0.994904  
