0   0.00380901  
1   0.00378592  
2   0.00376297  
3   0.00374016  
4   0.00371749  
5   0.00369495  
6   0.00367255  
7   0.00365029  
8   0.00362816  
9   0.00360617  
10   0.00358431  
11   0.00356259  
12   0.00354099  
13   0.00351953  
14   0.00349819  
15   0.00347699  
16   0.00345591  
17   0.00343497  
18   0.00341415  
19   0.00339345  
20   0.00337288  
21   0.00335244  
22   0.00333212  
23   0.00331192  
24   0.00329185  
25   0.0032719  
26   0.00325206  
27   0.00323235  
28   0.00321276  
29   0.00319329  
30   0.00317393  
31   0.0031547  
32   0.00313558  
33   0.00311657  
34   0.00309768  
35   0.00307891  
36   0.00306025  
37   0.0030417  
38   0.00302327  
39   0.00300494  
40   0.00298673  
41   0.00296863  
42   0.00295064  
43   0.00293275  
44   0.00291498  
45   0.00289731  
46   0.00287975  
47   0.0028623  
48   0.00284496  
49   0.00282771  
50   0.00281058  
51   0.00279354  
52   0.00277661  
53   0.00275979  
54   0.00274306  
55   0.00272644  
56   0.00270992  
57   0.00269349  
58   0.00267717  
59   0.00266095  
60   0.00264482  
61   0.00262879  
62   0.00261286  
63   0.00259703  
64   0.00258129  
65   0.00256565  
66   0.0025501  
67   0.00253465  
68   0.00251929  
69   0.00250402  
70   0.00248885  
71   0.00247377  
72   0.00245878  
73   0.00244388  
74   0.00242907  
75   0.00241435  
76   0.00239972  
77   0.00238518  
78   0.00237073  
79   0.00235636  
80   0.00234209  
81   0.00232789  
82   0.00231379  
83   0.00229977  
84   0.00228584  
85   0.00227198  
86   0.00225822  
87   0.00224454  
88   0.00223094  
89   0.00221742  
90   0.00220398  
91   0.00219063  
92   0.00217736  
93   0.00216417  
94   0.00215105  
95   0.00213802  
96   0.00212507  
97   0.00211219  
98   0.00209939  
99   0.00208668  
100   0.00207403  
101   0.00206147  
102   0.00204898  
103   0.00203656  
104   0.00202423  
105   0.00201196  
106   0.00199977  
107   0.00198766  
108   0.00197562  
109   0.00196365  
110   0.00195175  
111   0.00193993  
112   0.00192818  
113   0.00191649  
114   0.00190488  
115   0.00189335  
116   0.00188188  
117   0.00187048  
118   0.00185914  
119   0.00184788  
120   0.00183669  
121   0.00182556  
122   0.0018145  
123   0.00180351  
124   0.00179259  
125   0.00178173  
126   0.00177093  
127   0.00176021  
128   0.00174955  
129   0.00173895  
130   0.00172841  
131   0.00171794  
132   0.00170754  
133   0.0016972  
134   0.00168692  
135   0.0016767  
136   0.00166654  
137   0.00165645  
138   0.00164641  
139   0.00163644  
140   0.00162653  
141   0.00161668  
142   0.00160689  
143   0.00159715  
144   0.00158748  
145   0.00157787  
146   0.00156831  
147   0.00155881  
148   0.00154937  
149   0.00153999  
150   0.00153066  
151   0.00152139  
152   0.00151217  
153   0.00150302  
154   0.00149391  
155   0.00148487  
156   0.00147587  
157   0.00146693  
158   0.00145805  
159   0.00144922  
160   0.00144044  
161   0.00143172  
162   0.00142305  
163   0.00141443  
164   0.00140587  
165   0.00139735  
166   0.00138889  
167   0.00138048  
168   0.00137212  
169   0.00136381  
170   0.00135555  
171   0.00134734  
172   0.00133919  
173   0.00133108  
174   0.00132302  
175   0.001315  
176   0.00130704  
177   0.00129913  
178   0.00129126  
179   0.00128344  
180   0.00127567  
181   0.00126795  
182   0.00126027  
183   0.00125264  
184   0.00124505  
185   0.00124446  
186   0.00123752  
187   0.00123691  
188   0.00123002  
189   0.00122942  
190   0.00122257  
191   0.00122197  
192   0.00121517  
193   0.00121456  
194   0.00120781  
195   0.0012072  
196   0.0012005  
197   0.00119989  
198   0.00119323  
199   0.00119262  
200   0.00118601  
201   0.00118539  
202   0.00117883  
203   0.00117821  
204   0.00117169  
205   0.00117107  
206   0.0011646  
207   0.00116397  
208   0.00115755  
209   0.00115692  
210   0.00115054  
211   0.00114991  
212   0.00114357  
213   0.00114294  
214   0.00113665  
215   0.00113601  
216   0.00112977  
217   0.00112913  
218   0.00112293  
219   0.00112229  
220   0.00111613  
221   0.00111549  
222   0.00110937  
223   0.00110873  
224   0.00110266  
225   0.00110201  
226   0.00109598  
227   0.00109533  
228   0.00108935  
229   0.0010887  
230   0.00108275  
231   0.0010821  
232   0.0010762  
233   0.00107554  
234   0.00106968  
235   0.00106903  
236   0.00106321  
237   0.00106255  
238   0.00105677  
239   0.00105611  
240   0.00105037  
241   0.00104971  
242   0.00104402  
243   0.00104335  
244   0.0010377  
245   0.00103703  
246   0.00103141  
247   0.00103075  
248   0.00102517  
249   0.0010245  
250   0.00101897  
251   0.0010183  
252   0.0010128  
253   0.00101213  
254   0.00100667  
255   0.001006  
256   0.00100057  
257   0.0009999  
258   0.000994518  
259   0.000993842  
260   0.000988498  
261   0.000987821  
262   0.000982515  
263   0.000981837  
264   0.000976568  
265   0.000975888  
266   0.000970657  
267   0.000969976  
268   0.000964782  
269   0.0009641  
270   0.000958942  
271   0.000958259  
272   0.000953138  
273   0.000952454  
274   0.000947369  
275   0.000946684  
276   0.000941635  
277   0.000940949  
278   0.000935936  
279   0.000935248  
280   0.000930272  
281   0.000929583  
282   0.000924641  
283   0.000923951  
284   0.000919045  
285   0.000918354  
286   0.000913483  
287   0.000912791  
288   0.000907955  
289   0.000907261  
290   0.00090246  
291   0.000901765  
292   0.000896998  
293   0.000896303  
294   0.00089157  
295   0.000890873  
296   0.000886174  
297   0.000885477  
298   0.000880811  
299   0.000880113  
300   0.000875481  
301   0.000874782  
302   0.000870183  
303   0.000869483  
304   0.000864917  
305   0.000864216  
306   0.000859683  
307   0.000858981  
308   0.00085448  
309   0.000853778  
310   0.000849309  
311   0.000848606  
312   0.00084417  
313   0.000843466  
314   0.000839062  
315   0.000838357  
316   0.000833984  
317   0.000833279  
318   0.000828938  
319   0.000828232  
320   0.000823922  
321   0.000823215  
322   0.000818936  
323   0.000818229  
324   0.000813981  
325   0.000813273  
326   0.000809056  
327   0.000808347  
328   0.00080416  
329   0.000803451  
330   0.000799295  
331   0.000798585  
332   0.000794458  
333   0.000793748  
334   0.000789652  
335   0.00078894  
336   0.000784874  
337   0.000784162  
338   0.000780125  
339   0.000779413  
340   0.000775405  
341   0.000774692  
342   0.000770714  
343   0.00077  
344   0.000766051  
345   0.000765337  
346   0.000761416  
347   0.000760701  
348   0.000756809  
349   0.000756094  
350   0.000752231  
351   0.000751515  
352   0.00074768  
353   0.000746964  
354   0.000743156  
355   0.00074244  
356   0.00073866  
357   0.000737944  
358   0.000734192  
359   0.000733475  
360   0.00072975  
361   0.000729033  
362   0.000725336  
363   0.000724618  
364   0.000720948  
365   0.000720229  
366   0.000716586  
367   0.000715868  
368   0.000712252  
369   0.000711533  
370   0.000707943  
371   0.000707224  
372   0.000703661  
373   0.000702941  
374   0.000699404  
375   0.000698684  
376   0.000695173  
377   0.000694453  
378   0.000690968  
379   0.000690248  
380   0.000686789  
381   0.000686068  
382   0.000682635  
383   0.000681914  
384   0.000678506  
385   0.000677784  
386   0.000674402  
387   0.00067368  
388   0.000670323  
389   0.000669601  
390   0.000666268  
391   0.000665546  
392   0.000662238  
393   0.000661516  
394   0.000658233  
395   0.00065751  
396   0.000654252  
397   0.000653529  
398   0.000650295  
399   0.000649572  
400   0.000646362  
401   0.000645639  
402   0.000642453  
403   0.00064173  
404   0.000638568  
405   0.000637844  
406   0.000634706  
407   0.000633982  
408   0.000630867  
409   0.000630143  
410   0.000627052  
411   0.000626328  
412   0.00062326  
413   0.000622536  
414   0.000619491  
415   0.000618766  
416   0.000615745  
417   0.00061502  
418   0.000612022  
419   0.000611296  
420   0.000608321  
421   0.000607595  
422   0.000604642  
423   0.000603917  
424   0.000600986  
425   0.00060026  
426   0.000597352  
427   0.000596626  
428   0.00059374  
429   0.000593014  
430   0.00059015  
431   0.000589424  
432   0.000586582  
433   0.000585855  
434   0.000583035  
435   0.000582309  
436   0.00057951  
437   0.000578783  
438   0.000576006  
439   0.000575279  
440   0.000572524  
441   0.000571797  
442   0.000569062  
443   0.000568335  
444   0.000565622  
445   0.000564894  
446   0.000562202  
447   0.000561475  
448   0.000558804  
449   0.000558076  
450   0.000555425  
451   0.000554697  
452   0.000552068  
453   0.000551339  
454   0.00054873  
455   0.000548002  
456   0.000545413  
457   0.000544685  
458   0.000542116  
459   0.000541387  
460   0.000538839  
461   0.00053811  
462   0.000535582  
463   0.000534853  
464   0.000532345  
465   0.000531615  
466   0.000529127  
467   0.000528397  
468   0.000525928  
469   0.000525199  
470   0.00052275  
471   0.00052202  
472   0.00051959  
473   0.00051886  
474   0.00051645  
475   0.000515719  
476   0.000513328  
477   0.000512598  
478   0.000510226  
479   0.000509495  
480   0.000507142  
481   0.000506411  
482   0.000504077  
483   0.000503346  
484   0.000501031  
485   0.0005003  
486   0.000498003  
487   0.000497271  
488   0.000494994  
489   0.000494262  
490   0.000492002  
491   0.00049127  
492   0.000489029  
493   0.000488297  
494   0.000486074  
495   0.000485342  
496   0.000483137  
497   0.000482404  
498   0.000480218  
499   0.000479485  
500   0.000477316  
501   0.000476583  
502   0.000474432  
503   0.000473698  
504   0.000471565  
505   0.000470831  
506   0.000468716  
507   0.000467982  
508   0.000465884  
509   0.00046515  
510   0.00046307  
511   0.000462335  
512   0.000460272  
513   0.000459537  
514   0.000457492  
515   0.000456756  
516   0.000454728  
517   0.000453992  
518   0.000451981  
519   0.000451244  
520   0.000449791  
521   0.00044925  
522   0.000448514  
523   0.000447091  
524   0.000446537  
525   0.000445799  
526   0.000444408  
527   0.000443839  
528   0.000443102  
529   0.000441741  
530   0.000441158  
531   0.00044042  
532   0.00043909  
533   0.000438494  
534   0.000437755  
535   0.000436454  
536   0.000435845  
537   0.000435106  
538   0.000433835  
539   0.000433213  
540   0.000432473  
541   0.000431231  
542   0.000430596  
543   0.000429856  
544   0.000428643  
545   0.000427996  
546   0.000427255  
547   0.000426071  
548   0.000425411  
549   0.00042467  
550   0.000423514  
551   0.000422842  
552   0.0004221  
553   0.000420972  
554   0.000420288  
555   0.000419546  
556   0.000418446  
557   0.00041775  
558   0.000417008  
559   0.000415935  
560   0.000415227  
561   0.000414485  
562   0.000413439  
563   0.00041272  
564   0.000411977  
565   0.000410958  
566   0.000410228  
567   0.000409484  
568   0.000408492  
569   0.000407751  
570   0.000407006  
571   0.000406041  
572   0.000405289  
573   0.000404544  
574   0.000403604  
575   0.000402842  
576   0.000402096  
577   0.000401182  
578   0.00040041  
579   0.000399663  
580   0.000398775  
581   0.000397992  
582   0.000397245  
583   0.000396382  
584   0.00039559  
585   0.000394842  
586   0.000394004  
587   0.000393202  
588   0.000392453  
589   0.00039164  
590   0.000390828  
591   0.000390079  
592   0.00038929  
593   0.000388469  
594   0.000387719  
595   0.000386954  
596   0.000386124  
597   0.000385373  
598   0.000384633  
599   0.000383793  
600   0.000383041  
601   0.000382325  
602   0.000381476  
603   0.000380724  
604   0.000380031  
605   0.000379174  
606   0.000378421  
607   0.000377751  
608   0.000376885  
609   0.000376132  
610   0.000375485  
611   0.000374611  
612   0.000373856  
613   0.000373232  
614   0.00037235  
615   0.000371594  
616   0.000370993  
617   0.000370103  
618   0.000369346  
619   0.000368767  
620   0.000367869  
621   0.000367112  
622   0.000366555  
623   0.00036565  
624   0.000364891  
625   0.000364356  
626   0.000363443  
627   0.000362684  
628   0.00036217  
629   0.00036125  
630   0.00036049  
631   0.000359998  
632   0.000359071  
633   0.000358309  
634   0.000357838  
635   0.000356904  
636   0.000356142  
637   0.000355692  
638   0.000354751  
639   0.000353988  
640   0.000353558  
641   0.000352611  
642   0.000351846  
643   0.000351437  
644   0.000350483  
645   0.000349718  
646   0.000349329  
647   0.000348369  
648   0.000347603  
649   0.000347234  
650   0.000346268  
651   0.0003455  
652   0.000345151  
653   0.000344179  
654   0.00034341  
655   0.000343081  
656   0.000342103  
657   0.000341333  
658   0.000341023  
659   0.000340039  
660   0.000339269  
661   0.000338977  
662   0.000337989  
663   0.000337217  
664   0.000336944  
665   0.00033595  
666   0.000335177  
667   0.000334923  
668   0.000333924  
669   0.00033315  
670   0.000332915  
671   0.00033191  
672   0.000331135  
673   0.000330918  
674   0.000329909  
675   0.000329132  
676   0.000328933  
677   0.00032792  
678   0.000327142  
679   0.000326961  
680   0.000325942  
681   0.000325163  
682   0.000325  
683   0.000323977  
684   0.000323196  
685   0.000323051  
686   0.000322024  
687   0.000321242  
688   0.000321113  
689   0.000320083  
690   0.000319299  
691   0.000319188  
692   0.000318153  
693   0.000317368  
694   0.000317273  
695   0.000316235  
696   0.000315449  
697   0.000315371  
698   0.000314329  
699   0.000313541  
700   0.00031348  
701   0.000312434  
702   0.000311645  
703   0.0003116  
704   0.000310551  
705   0.00030976  
706   0.000309731  
707   0.000308679  
708   0.000307887  
709   0.000307874  
710   0.000306819  
711   0.000306028  
712   0.000306025  
713   0.00030497  
714   0.000304193  
715   0.000304175  
716   0.000303132  
717   0.000302369  
718   0.000302335  
719   0.000301306  
720   0.000300556  
721   0.000300507  
722   0.00029949  
723   0.000298754  
724   0.00029869  
725   0.000297686  
726   0.000296963  
727   0.000296884  
728   0.000295893  
729   0.000295182  
730   0.000295089  
731   0.00029411  
732   0.000293412  
733   0.000293304  
734   0.000292338  
735   0.000291653  
736   0.000291531  
737   0.000290577  
738   0.000289904  
739   0.000289768  
740   0.000288827  
741   0.000288166  
742   0.000288016  
743   0.000287088  
744   0.000286439  
745   0.000286274  
746   0.000285359  
747   0.000284722  
748   0.000284544  
749   0.00028364  
750   0.000283015  
751   0.000282823  
752   0.000281932  
753   0.000281318  
754   0.000281113  
755   0.000280234  
756   0.000279631  
757   0.000279414  
758   0.000278547  
759   0.000277955  
760   0.000277724  
761   0.00027687  
762   0.000276289  
763   0.000276045  
764   0.000275203  
765   0.000274633  
766   0.000274376  
767   0.000273547  
768   0.000272986  
769   0.000272717  
770   0.0002719  
771   0.00027135  
772   0.000271069  
773   0.000270263  
774   0.000269724  
775   0.00026943  
776   0.000268637  
777   0.000268107  
778   0.000267801  
779   0.00026702  
780   0.0002665  
781   0.000266182  
782   0.000265413  
783   0.000264902  
784   0.000264573  
785   0.000263816  
786   0.000263315  
787   0.000262974  
788   0.000262229  
789   0.000261736  
790   0.000261384  
791   0.000260651  
792   0.000260168  
793   0.000259804  
794   0.000259083  
795   0.000258608  
796   0.000258233  
797   0.000257525  
798   0.000257058  
799   0.000256672  
800   0.000255976  
801   0.000255518  
802   0.000255121  
803   0.000254436  
804   0.000253986  
805   0.000253579  
806   0.000252906  
807   0.000252464  
808   0.000252046  
809   0.000251385  
810   0.000250951  
811   0.000250523  
812   0.000249873  
813   0.000249447  
814   0.000249008  
815   0.000248371  
816   0.000247952  
817   0.000247503  
818   0.000246877  
819   0.000246466  
820   0.000246007  
821   0.000245393  
822   0.000244989  
823   0.00024452  
824   0.000243918  
825   0.000243521  
826   0.000243042  
827   0.000242452  
828   0.000242062  
829   0.000241574  
830   0.000240995  
831   0.000240611  
832   0.000240114  
833   0.000239546  
834   0.00023917  
835   0.000238662  
836   0.000238107  
837   0.000237737  
838   0.00023722  
839   0.000236676  
840   0.000236312  
841   0.000235786  
842   0.000235254  
843   0.000234896  
844   0.000234361  
845   0.000233841  
846   0.000233489  
847   0.000232945  
848   0.000232436  
849   0.00023209  
850   0.000231537  
851   0.00023104  
852   0.000230699  
853   0.000230138  
854   0.000229653  
855   0.000229317  
856   0.000228747  
857   0.000228273  
858   0.000227943  
859   0.000227365  
860   0.000226903  
861   0.000226577  
862   0.000225991  
863   0.00022554  
864   0.00022522  
865   0.000224626  
866   0.000224186  
867   0.00022387  
868   0.000223268  
869   0.000222841  
870   0.000222529  
871   0.000221919  
872   0.000221503  
873   0.000221196  
874   0.000220578  
875   0.000220174  
876   0.000219871  
877   0.000219245  
878   0.000218852  
879   0.000218554  
880   0.000217921  
881   0.000217539  
882   0.000217245  
883   0.000216604  
884   0.000216234  
885   0.000215943  
886   0.000215295  
887   0.000214937  
888   0.00021465  
889   0.000213995  
890   0.000213647  
891   0.000213364  
892   0.000212702  
893   0.000212366  
894   0.000212086  
895   0.000211417  
896   0.000211092  
897   0.000210815  
898   0.000210139  
899   0.000209827  
900   0.000209553  
901   0.00020887  
902   0.000208568  
903   0.000208297  
904   0.000207608  
905   0.000207318  
906   0.00020705  
907   0.000206354  
908   0.000206075  
909   0.00020581  
910   0.000205107  
911   0.00020484  
912   0.000204577  
913   0.000203868  
914   0.000203613  
915   0.000203352  
916   0.000202637  
917   0.000202393  
918   0.000202134  
919   0.000201412  
920   0.00020118  
921   0.000200923  
922   0.000200196  
923   0.000199975  
924   0.00019972  
925   0.000199119  
926   0.000198987  
927   0.000198777  
928   0.000198524  
929   0.000197938  
930   0.000197785  
931   0.000197586  
932   0.000197335  
933   0.000196764  
934   0.00019659  
935   0.000196403  
936   0.000196153  
937   0.000195598  
938   0.000195402  
939   0.000195227  
940   0.000194979  
941   0.000194438  
942   0.000194222  
943   0.000194058  
944   0.000193811  
945   0.000193285  
946   0.000193049  
947   0.000192897  
948   0.00019265  
949   0.000192139  
950   0.000191883  
951   0.000191742  
952   0.000191497  
953   0.000191  
954   0.000190724  
955   0.000190595  
956   0.00019035  
957   0.000189867  
958   0.000189572  
959   0.000189455  
960   0.00018921  
961   0.000188742  
962   0.000188427  
963   0.000188321  
964   0.000188077  
965   0.000187623  
966   0.000187289  
967   0.000187195  
968   0.000186951  
969   0.000186511  
970   0.000186158  
971   0.000186075  
972   0.000185832  
973   0.000185405  
974   0.000185034  
975   0.000184962  
976   0.000184719  
977   0.000184306  
978   0.000183917  
979   0.000183857  
980   0.000183613  
981   0.000183213  
982   0.000182806  
983   0.000182757  
984   0.000182514  
985   0.000182127  
986   0.000181702  
987   0.000181665  
988   0.000181421  
989   0.000181048  
990   0.000180605  
991   0.000180579  
992   0.000180335  
993   0.000179975  
994   0.000179514  
995   0.0001795  
996   0.000179255  
997   0.000178908  
998   0.000178431  
999   0.000178428  
1000   0.000178182  
1001   0.000177848  
1002   0.000177362  
1003   0.000177353  
1004   0.000177115  
1005   0.000176793  
1006   0.000176303  
1007   0.000176282  
1008   0.000176055  
1009   0.000175746  
1010   0.00017525  
1011   0.000175218  
1012   0.000175001  
1013   0.000174704  
1014   0.000174204  
1015   0.00017416  
1016   0.000173953  
1017   0.000173669  
1018   0.000173164  
1019   0.000173108  
1020   0.000172912  
1021   0.00017264  
1022   0.000172131  
1023   0.000172063  
1024   0.000171877  
1025   0.000171617  
1026   0.000171104  
1027   0.000171025  
1028   0.000170848  
1029   0.0001706  
1030   0.000170083  
1031   0.000169992  
1032   0.000169826  
1033   0.000169589  
1034   0.000169068  
1035   0.000168966  
1036   0.000168809  
1037   0.000168584  
1038   0.00016806  
1039   0.000167946  
1040   0.000167799  
1041   0.000167585  
1042   0.000167058  
1043   0.000166932  
1044   0.000166794  
1045   0.000166592  
1046   0.000166062  
1047   0.000165924  
1048   0.000165796  
1049   0.000165605  
1050   0.000165072  
1051   0.000164923  
1052   0.000164804  
1053   0.000164624  
1054   0.000164089  
1055   0.000163927  
1056   0.000163817  
1057   0.000163648  
1058   0.000163111  
1059   0.000162938  
1060   0.000162837  
1061   0.000162679  
1062   0.000162139  
1063   0.000161954  
1064   0.000161862  
1065   0.000161715  
1066   0.000161174  
1067   0.000160977  
1068   0.000160894  
1069   0.000160757  
1070   0.000160214  
1071   0.000160005  
1072   0.000159931  
1073   0.000159805  
1074   0.00015926  
1075   0.000159039  
1076   0.000158974  
1077   0.000158858  
1078   0.000158312  
1079   0.000158079  
1080   0.000158022  
1081   0.000157917  
1082   0.00015737  
1083   0.000157125  
1084   0.000157077  
1085   0.000156981  
1086   0.000156434  
1087   0.000156177  
1088   0.000156137  
1089   0.000156052  
1090   0.000155504  
1091   0.000155235  
1092   0.000155202  
1093   0.000155127  
1094   0.000154579  
1095   0.000154298  
1096   0.000154274  
1097   0.000154208  
1098   0.00015366  
1099   0.000153367  
1100   0.00015335  
1101   0.000153295  
1102   0.000152747  
1103   0.000152441  
1104   0.000152433  
1105   0.000152387  
1106   0.000151839  
1107   0.000151521  
1108   0.000151521  
1109   0.000151485  
1110   0.000150937  
1111   0.000150614  
1112   0.000150607  
1113   0.000150587  
1114   0.00015004  
1115   0.000149713  
1116   0.000149698  
1117   0.000149696  
1118   0.000149149  
1119   0.000148817  
1120   0.000148809  
1121   0.000148795  
1122   0.000148264  
1123   0.000147928  
1124   0.000147927  
1125   0.000147897  
1126   0.000147384  
1127   0.000147052  
1128   0.000147042  
1129   0.000147005  
1130   0.000146509  
1131   0.000146181  
1132   0.000146162  
1133   0.000146118  
1134   0.00014564  
1135   0.000145315  
1136   0.000145288  
1137   0.000145237  
1138   0.000144776  
1139   0.000144455  
1140   0.000144418  
1141   0.00014436  
1142   0.000143918  
1143   0.0001436  
1144   0.000143554  
1145   0.00014349  
1146   0.000143065  
1147   0.000142749  
1148   0.000142696  
1149   0.000142624  
1150   0.000142217  
1151   0.000141904  
1152   0.000141842  
1153   0.000141764  
1154   0.000141375  
1155   0.000141064  
1156   0.000140994  
1157   0.000140909  
1158   0.000140537  
1159   0.000140229  
1160   0.00014015  
1161   0.000140059  
1162   0.000139705  
1163   0.000139399  
1164   0.000139312  
1165   0.000139214  
1166   0.000138878  
1167   0.000138573  
1168   0.000138479  
1169   0.000138374  
1170   0.000138057  
1171   0.000137753  
1172   0.00013765  
1173   0.00013754  
1174   0.00013724  
1175   0.000136938  
1176   0.000136827  
1177   0.00013671  
1178   0.000136428  
1179   0.000136127  
1180   0.000136008  
1181   0.000135886  
1182   0.000135622  
1183   0.000135321  
1184   0.000135195  
1185   0.000135066  
1186   0.00013482  
1187   0.00013452  
1188   0.000134386  
1189   0.000134252  
1190   0.000134024  
1191   0.000133724  
1192   0.000133583  
1193   0.000133442  
1194   0.000133232  
1195   0.000132932  
1196   0.000132784  
1197   0.000132637  
1198   0.000132445  
1199   0.000132146  
1200   0.00013199  
1201   0.000131837  
1202   0.000131664  
1203   0.000131364  
1204   0.0001312  
1205   0.000131043  
1206   0.000130887  
1207   0.000130586  
1208   0.000130416  
1209   0.000130252  
1210   0.000130115  
1211   0.000129813  
1212   0.000129636  
1213   0.000129467  
1214   0.000129347  
1215   0.000129045  
1216   0.00012886  
1217   0.000128687  
1218   0.000128585  
1219   0.000128281  
1220   0.00012809  
1221   0.000127911  
1222   0.000127827  
1223   0.000127522  
1224   0.000127324  
1225   0.00012714  
1226   0.000127074  
1227   0.000126768  
1228   0.000126563  
1229   0.000126373  
1230   0.000126326  
1231   0.000126017  
1232   0.000125806  
1233   0.000125611  
1234   0.000125582  
1235   0.000125272  
1236   0.000125054  
1237   0.000124854  
1238   0.000124844  
1239   0.000124531  
1240   0.000124306  
1241   0.000124109  
1242   0.000124102  
1243   0.000123794  
1244   0.000123563  
1245   0.00012338  
1246   0.000123354  
1247   0.000123061  
1248   0.000122824  
1249   0.000122654  
1250   0.00012261  
1251   0.000122333  
1252   0.000122089  
1253   0.000121934  
1254   0.000121871  
1255   0.000121609  
1256   0.00012136  
1257   0.000121218  
1258   0.000121137  
1259   0.00012089  
1260   0.000120634  
1261   0.000120506  
1262   0.000120407  
1263   0.000120175  
1264   0.000119913  
1265   0.000119799  
1266   0.000119681  
1267   0.000119464  
1268   0.000119196  
1269   0.000119097  
1270   0.00011896  
1271   0.000118757  
1272   0.000118483  
1273   0.000118398  
1274   0.000118243  
1275   0.000118055  
1276   0.000117775  
1277   0.000117705  
1278   0.000117531  
1279   0.000117356  
1280   0.000117071  
1281   0.000117015  
1282   0.000116822  
1283   0.000116662  
1284   0.000116371  
1285   0.00011633  
1286   0.000116119  
1287   0.000115972  
1288   0.000115676  
1289   0.000115649  
1290   0.000115419  
1291   0.000115286  
1292   0.000114984  
1293   0.000114973  
1294   0.000114724  
1295   0.000114604  
1296   0.000114301  
1297   0.000114297  
1298   0.000114033  
1299   0.000113926  
1300   0.000113633  
1301   0.000113614  
1302   0.000113346  
1303   0.000113252  
1304   0.000112969  
1305   0.000112935  
1306   0.000112663  
1307   0.000112583  
1308   0.000112309  
1309   0.00011226  
1310   0.000111984  
1311   0.000111917  
1312   0.000111654  
1313   0.000111589  
1314   0.00011131  
1315   0.000111255  
1316   0.000111003  
1317   0.000110922  
1318   0.000110639  
1319   0.000110597  
1320   0.000110356  
1321   0.000110259  
1322   0.000109973  
1323   0.000109943  
1324   0.000109713  
1325   0.0001096  
1326   0.000109311  
1327   0.000109293  
1328   0.000109074  
1329   0.000108945  
1330   0.000108653  
1331   0.000108647  
1332   0.000108559  
1333   0.000108439  
1334   0.000108294  
1335   0.000108004  
1336   0.000107998  
1337   0.000107921  
1338   0.000107809  
1339   0.000107647  
1340   0.000107366  
1341   0.000107348  
1342   0.000107287  
1343   0.000107182  
1344   0.000107003  
1345   0.000106731  
1346   0.000106702  
1347   0.000106657  
1348   0.000106559  
1349   0.000106364  
1350   0.0001061  
1351   0.000106059  
1352   0.00010603  
1353   0.00010594  
1354   0.000105728  
1355   0.000105473  
1356   0.000105421  
1357   0.000105407  
1358   0.000105326  
1359   0.000105097  
1360   0.000104849  
1361   0.000104788  
1362   0.000104786  
1363   0.000104715  
1364   0.000104469  
1365   0.000104229  
1366   0.000104172  
1367   0.000104155  
1368   0.000104108  
1369   0.000103844  
1370   0.000103613  
1371   0.00010356  
1372   0.000103528  
1373   0.000103505  
1374   0.000103224  
1375   0.000103  
1376   0.000102951  
1377   0.000102906  
1378   0.000102905  
1379   0.000102607  
1380   0.000102392  
1381   0.000102347  
1382   0.00010231  
1383   0.000102286  
1384   0.000101994  
1385   0.000101786  
1386   0.000101745  
1387   0.000101719  
1388   0.00010167  
1389   0.000101385  
1390   0.000101185  
1391   0.000101148  
1392   0.000101131  
1393   0.000101058  
1394   0.000100779  
1395   0.000100587  
1396   0.000100553  
1397   0.000100547  
1398   0.00010045  
1399   0.000100177  
1400   9.99921e-05  
1401   9.99671e-05  
1402   9.99628e-05  
1403   9.98458e-05  
1404   9.95786e-05  
1405   9.94011e-05  
1406   9.93907e-05  
1407   9.93756e-05  
1408   9.92451e-05  
1409   9.89837e-05  
1410   9.8818e-05  
1411   9.88137e-05  
1412   9.87919e-05  
1413   9.86479e-05  
1414   9.83924e-05  
1415   9.82491e-05  
1416   9.82297e-05  
1417   9.82116e-05  
1418   9.80544e-05  
1419   9.78047e-05  
1420   9.76839e-05  
1421   9.76491e-05  
1422   9.76348e-05  
1423   9.74645e-05  
1424   9.72204e-05  
1425   9.71223e-05  
1426   9.70721e-05  
1427   9.70614e-05  
1428   9.68782e-05  
1429   9.66397e-05  
1430   9.65644e-05  
1431   9.64984e-05  
1432   9.64914e-05  
1433   9.62955e-05  
1434   9.60625e-05  
1435   9.60101e-05  
1436   9.59282e-05  
1437   9.59247e-05  
1438   9.57163e-05  
1439   9.54887e-05  
1440   9.54595e-05  
1441   9.53614e-05  
1442   9.53614e-05  
1443   9.51406e-05  
1444   9.49184e-05  
1445   9.49125e-05  
1446   9.48014e-05  
1447   9.47979e-05  
1448   9.45684e-05  
1449   9.4369e-05  
1450   9.43515e-05  
1451   9.42448e-05  
1452   9.42378e-05  
1453   9.39997e-05  
1454   9.38291e-05  
1455   9.3788e-05  
1456   9.36914e-05  
1457   9.3681e-05  
1458   9.34344e-05  
1459   9.32927e-05  
1460   9.32278e-05  
1461   9.31412e-05  
1462   9.31275e-05  
1463   9.28726e-05  
1464   9.27599e-05  
1465   9.26711e-05  
1466   9.25944e-05  
1467   9.25773e-05  
1468   9.23142e-05  
1469   9.22306e-05  
1470   9.21176e-05  
1471   9.20508e-05  
1472   9.20303e-05  
1473   9.17592e-05  
1474   9.17048e-05  
1475   9.15675e-05  
1476   9.15104e-05  
1477   9.14866e-05  
1478   9.12075e-05  
1479   9.11825e-05  
1480   9.10207e-05  
1481   9.09732e-05  
1482   9.09462e-05  
1483   9.06636e-05  
1484   9.06592e-05  
1485   9.04771e-05  
1486   9.04391e-05  
1487   9.04089e-05  
1488   9.01482e-05  
1489   9.01143e-05  
1490   8.99369e-05  
1491   8.99082e-05  
1492   8.98749e-05  
1493   8.96362e-05  
1494   8.95726e-05  
1495   8.93998e-05  
1496   8.93804e-05  
1497   8.9344e-05  
1498   8.91276e-05  
1499   8.90343e-05  
1500   8.8866e-05  
1501   8.88558e-05  
1502   8.88162e-05  
1503   8.86224e-05  
1504   8.84992e-05  
1505   8.83354e-05  
1506   8.83343e-05  
1507   8.82916e-05  
1508   8.81206e-05  
1509   8.79674e-05  
1510   8.78159e-05  
1511   8.7808e-05  
1512   8.77701e-05  
1513   8.76222e-05  
1514   8.74388e-05  
1515   8.73005e-05  
1516   8.72838e-05  
1517   8.72518e-05  
1518   8.71272e-05  
1519   8.69135e-05  
1520   8.67881e-05  
1521   8.67627e-05  
1522   8.67364e-05  
1523   8.66355e-05  
1524   8.63913e-05  
1525   8.62788e-05  
1526   8.62447e-05  
1527   8.62242e-05  
1528   8.61471e-05  
1529   8.58723e-05  
1530   8.57725e-05  
1531   8.57298e-05  
1532   8.5715e-05  
1533   8.5662e-05  
1534   8.53565e-05  
1535   8.52692e-05  
1536   8.5218e-05  
1537   8.52088e-05  
1538   8.51803e-05  
1539   8.48438e-05  
1540   8.47688e-05  
1541   8.47093e-05  
1542   8.47057e-05  
1543   8.47018e-05  
1544   8.43342e-05  
1545   8.42715e-05  
1546   8.42266e-05  
1547   8.42055e-05  
1548   8.42036e-05  
1549   8.38277e-05  
1550   8.3777e-05  
1551   8.37547e-05  
1552   8.37082e-05  
1553   8.3701e-05  
1554   8.33243e-05  
1555   8.3286e-05  
1556   8.32855e-05  
1557   8.3214e-05  
1558   8.32013e-05  
1559   8.2824e-05  
1560   8.28205e-05  
1561   8.27969e-05  
1562   8.27226e-05  
1563   8.27047e-05  
1564   8.23583e-05  
1565   8.23267e-05  
1566   8.23111e-05  
1567   8.22342e-05  
1568   8.2211e-05  
1569   8.18993e-05  
1570   8.18324e-05  
1571   8.18282e-05  
1572   8.17487e-05  
1573   8.17203e-05  
1574   8.14435e-05  
1575   8.13482e-05  
1576   8.13412e-05  
1577   8.12661e-05  
1578   8.12326e-05  
1579   8.09909e-05  
1580   8.0871e-05  
1581   8.08529e-05  
1582   8.07863e-05  
1583   8.07478e-05  
1584   8.05415e-05  
1585   8.03967e-05  
1586   8.03676e-05  
1587   8.03094e-05  
1588   8.02658e-05  
1589   8.00952e-05  
1590   7.99251e-05  
1591   7.98853e-05  
1592   7.98353e-05  
1593   7.97868e-05  
1594   7.96521e-05  
1595   7.94564e-05  
1596   7.94059e-05  
1597   7.9364e-05  
1598   7.93107e-05  
1599   7.92122e-05  
1600   7.89903e-05  
1601   7.89294e-05  
1602   7.88956e-05  
1603   7.88374e-05  
1604   7.87754e-05  
1605   7.85271e-05  
1606   7.84558e-05  
1607   7.84299e-05  
1608   7.83669e-05  
1609   7.83418e-05  
1610   7.80665e-05  
1611   7.79851e-05  
1612   7.79669e-05  
1613   7.79113e-05  
1614   7.78993e-05  
1615   7.76087e-05  
1616   7.75173e-05  
1617   7.75068e-05  
1618   7.7484e-05  
1619   7.74344e-05  
1620   7.71536e-05  
1621   7.70597e-05  
1622   7.70523e-05  
1623   7.70493e-05  
1624   7.69724e-05  
1625   7.67012e-05  
1626   7.66386e-05  
1627   7.65946e-05  
1628   7.65902e-05  
1629   7.65131e-05  
1630   7.62515e-05  
1631   7.62206e-05  
1632   7.61426e-05  
1633   7.61309e-05  
1634   7.60566e-05  
1635   7.58057e-05  
1636   7.58044e-05  
1637   7.56932e-05  
1638   7.56743e-05  
1639   7.56028e-05  
1640   7.53939e-05  
1641   7.536e-05  
1642   7.52465e-05  
1643   7.52206e-05  
1644   7.51518e-05  
1645   7.49853e-05  
1646   7.49181e-05  
1647   7.48025e-05  
1648   7.47696e-05  
1649   7.47034e-05  
1650   7.45797e-05  
1651   7.44789e-05  
1652   7.43611e-05  
1653   7.43214e-05  
1654   7.42578e-05  
1655   7.41772e-05  
1656   7.40423e-05  
1657   7.39223e-05  
1658   7.38759e-05  
1659   7.38148e-05  
1660   7.37779e-05  
1661   7.36082e-05  
1662   7.34861e-05  
1663   7.34331e-05  
1664   7.33816e-05  
1665   7.33744e-05  
1666   7.31767e-05  
1667   7.30526e-05  
1668   7.2993e-05  
1669   7.29885e-05  
1670   7.29367e-05  
1671   7.27478e-05  
1672   7.26216e-05  
1673   7.25984e-05  
1674   7.25556e-05  
1675   7.25016e-05  
1676   7.23214e-05  
1677   7.22115e-05  
1678   7.21931e-05  
1679   7.21209e-05  
1680   7.20692e-05  
1681   7.18975e-05  
1682   7.18278e-05  
1683   7.17672e-05  
1684   7.16888e-05  
1685   7.16393e-05  
1686   7.14761e-05  
1687   7.14471e-05  
1688   7.13438e-05  
1689   7.12594e-05  
1690   7.1212e-05  
1691   7.10697e-05  
1692   7.10572e-05  
1693   7.0923e-05  
1694   7.08326e-05  
1695   7.07873e-05  
1696   7.06953e-05  
1697   7.06408e-05  
1698   7.05046e-05  
1699   7.04083e-05  
1700   7.03651e-05  
1701   7.03242e-05  
1702   7.02268e-05  
1703   7.00887e-05  
1704   6.99867e-05  
1705   6.99563e-05  
1706   6.99454e-05  
1707   6.98152e-05  
1708   6.96753e-05  
1709   6.95915e-05  
1710   6.95677e-05  
1711   6.95283e-05  
1712   6.94061e-05  
1713   6.92643e-05  
1714   6.92301e-05  
1715   6.91511e-05  
1716   6.91137e-05  
1717   6.89994e-05  
1718   6.88719e-05  
1719   6.88558e-05  
1720   6.87372e-05  
1721   6.87015e-05  
1722   6.85952e-05  
1723   6.85169e-05  
1724   6.84497e-05  
1725   6.83258e-05  
1726   6.82918e-05  
1727   6.81933e-05  
1728   6.81654e-05  
1729   6.8046e-05  
1730   6.79168e-05  
1731   6.78846e-05  
1732   6.78172e-05  
1733   6.77937e-05  
1734   6.76447e-05  
1735   6.75104e-05  
1736   6.74798e-05  
1737   6.74725e-05  
1738   6.73966e-05  
1739   6.72458e-05  
1740   6.71312e-05  
1741   6.71065e-05  
1742   6.70775e-05  
1743   6.70635e-05  
1744   6.70017e-05  
1745   6.68493e-05  
1746   6.67935e-05  
1747   6.6705e-05  
1748   6.66776e-05  
1749   6.66716e-05  
1750   6.66092e-05  
1751   6.64594e-05  
1752   6.64551e-05  
1753   6.6306e-05  
1754   6.6282e-05  
1755   6.628e-05  
1756   6.6219e-05  
1757   6.61291e-05  
1758   6.60632e-05  
1759   6.59094e-05  
1760   6.58947e-05  
1761   6.58849e-05  
1762   6.58311e-05  
1763   6.58025e-05  
1764   6.56737e-05  
1765   6.55152e-05  
1766   6.55097e-05  
1767   6.54921e-05  
1768   6.548e-05  
1769   6.54455e-05  
1770   6.52864e-05  
1771   6.51614e-05  
1772   6.51269e-05  
1773   6.51235e-05  
1774   6.51017e-05  
1775   6.50622e-05  
1776   6.49015e-05  
1777   6.48473e-05  
1778   6.47464e-05  
1779   6.47341e-05  
1780   6.47136e-05  
1781   6.46811e-05  
1782   6.45374e-05  
1783   6.45189e-05  
1784   6.4368e-05  
1785   6.43471e-05  
1786   6.43278e-05  
1787   6.43023e-05  
1788   6.42329e-05  
1789   6.41385e-05  
1790   6.3992e-05  
1791   6.39625e-05  
1792   6.39444e-05  
1793   6.3932e-05  
1794   6.39257e-05  
1795   6.37604e-05  
1796   6.36405e-05  
1797   6.36181e-05  
1798   6.35803e-05  
1799   6.35632e-05  
1800   6.35514e-05  
1801   6.33845e-05  
1802   6.3347e-05  
1803   6.32465e-05  
1804   6.32003e-05  
1805   6.31843e-05  
1806   6.31792e-05  
1807   6.30793e-05  
1808   6.30109e-05  
1809   6.2877e-05  
1810   6.28228e-05  
1811   6.28093e-05  
1812   6.28078e-05  
1813   6.27827e-05  
1814   6.26395e-05  
1815   6.25722e-05  
1816   6.25097e-05  
1817   6.24475e-05  
1818   6.24415e-05  
1819   6.24334e-05  
1820   6.22702e-05  
1821   6.22346e-05  
1822   6.21446e-05  
1823   6.21236e-05  
1824   6.20759e-05  
1825   6.20745e-05  
1826   6.20613e-05  
1827   6.19032e-05  
1828   6.17816e-05  
1829   6.17124e-05  
1830   6.17038e-05  
1831   6.16945e-05  
1832   6.16915e-05  
1833   6.16463e-05  
1834   6.15384e-05  
1835   6.14208e-05  
1836   6.13511e-05  
1837   6.13353e-05  
1838   6.13238e-05  
1839   6.11757e-05  
1840   6.11488e-05  
1841   6.11098e-05  
1842   6.10621e-05  
1843   6.0992e-05  
1844   6.09691e-05  
1845   6.09584e-05  
1846   6.08151e-05  
1847   6.07055e-05  
1848   6.06349e-05  
1849   6.06052e-05  
1850   6.05952e-05  
1851   6.05871e-05  
1852   6.05474e-05  
1853   6.04567e-05  
1854   6.0351e-05  
1855   6.028e-05  
1856   6.02435e-05  
1857   6.02341e-05  
1858   6.01005e-05  
1859   6.00128e-05  
1860   5.99986e-05  
1861   5.99721e-05  
1862   5.99271e-05  
1863   5.9884e-05  
1864   5.98752e-05  
1865   5.97463e-05  
1866   5.96483e-05  
1867   5.95763e-05  
1868   5.95267e-05  
1869   5.95184e-05  
1870   5.94297e-05  
1871   5.93942e-05  
1872   5.93882e-05  
1873   5.93e-05  
1874   5.92276e-05  
1875   5.91716e-05  
1876   5.91638e-05  
1877   5.90443e-05  
1878   5.89538e-05  
1879   5.8881e-05  
1880   5.88404e-05  
1881   5.88186e-05  
1882   5.88114e-05  
1883   5.87983e-05  
1884   5.86964e-05  
1885   5.86096e-05  
1886   5.85364e-05  
1887   5.84679e-05  
1888   5.8461e-05  
1889   5.83505e-05  
1890   5.82675e-05  
1891   5.82466e-05  
1892   5.8204e-05  
1893   5.81938e-05  
1894   5.81192e-05  
1895   5.81127e-05  
1896   5.80067e-05  
1897   5.79273e-05  
1898   5.78533e-05  
1899   5.77728e-05  
1900   5.77665e-05  
1901   5.7665e-05  
1902   5.76497e-05  
1903   5.76067e-05  
1904   5.75892e-05  
1905   5.75147e-05  
1906   5.74284e-05  
1907   5.74224e-05  
1908   5.73253e-05  
1909   5.7253e-05  
1910   5.71781e-05  
1911   5.70861e-05  
1912   5.70804e-05  
1913   5.70507e-05  
1914   5.70072e-05  
1915   5.69876e-05  
1916   5.69189e-05  
1917   5.68436e-05  
1918   5.6746e-05  
1919   5.67404e-05  
1920   5.66519e-05  
1921   5.65867e-05  
1922   5.6511e-05  
1923   5.64503e-05  
1924   5.64079e-05  
1925   5.64066e-05  
1926   5.64025e-05  
1927   5.63181e-05  
1928   5.62564e-05  
1929   5.61804e-05  
1930   5.6072e-05  
1931   5.60666e-05  
1932   5.59864e-05  
1933   5.59281e-05  
1934   5.58517e-05  
1935   5.58494e-05  
1936   5.58053e-05  
1937   5.5738e-05  
1938   5.57326e-05  
1939   5.56566e-05  
1940   5.56017e-05  
1941   5.55249e-05  
1942   5.54062e-05  
1943   5.54007e-05  
1944   5.53288e-05  
1945   5.52773e-05  
1946   5.52483e-05  
1947   5.5204e-05  
1948   5.52001e-05  
1949   5.50763e-05  
1950   5.50708e-05  
1951   5.5003e-05  
1952   5.49547e-05  
1953   5.48772e-05  
1954   5.47485e-05  
1955   5.47429e-05  
1956   5.4679e-05  
1957   5.46477e-05  
1958   5.46341e-05  
1959   5.46031e-05  
1960   5.45562e-05  
1961   5.44227e-05  
1962   5.44169e-05  
1963   5.4357e-05  
1964   5.43153e-05  
1965   5.42371e-05  
1966   5.40989e-05  
1967   5.40929e-05  
1968   5.40479e-05  
1969   5.40369e-05  
1970   5.4003e-05  
1971   5.39985e-05  
1972   5.39199e-05  
1973   5.37771e-05  
1974   5.37708e-05  
1975   5.37187e-05  
1976   5.36834e-05  
1977   5.36045e-05  
1978   5.34573e-05  
1979   5.34507e-05  
1980   5.34493e-05  
1981   5.34042e-05  
1982   5.34024e-05  
1983   5.33703e-05  
1984   5.3291e-05  
1985   5.31395e-05  
1986   5.31325e-05  
1987   5.30879e-05  
1988   5.30589e-05  
1989   5.29794e-05  
1990   5.28522e-05  
1991   5.28236e-05  
1992   5.28162e-05  
1993   5.2807e-05  
1994   5.27753e-05  
1995   5.27494e-05  
1996   5.26696e-05  
1997   5.25096e-05  
1998   5.25017e-05  
1999   5.24646e-05  
2000   5.24418e-05  
2001   5.23616e-05  
2002   5.2257e-05  
2003   5.22115e-05  
2004   5.21976e-05  
2005   5.21892e-05  
2006   5.21557e-05  
2007   5.21359e-05  
2008   5.20554e-05  
2009   5.18875e-05  
2010   5.18786e-05  
2011   5.18486e-05  
2012   5.18318e-05  
2013   5.1751e-05  
2014   5.16638e-05  
2015   5.16182e-05  
2016   5.15793e-05  
2017   5.15698e-05  
2018   5.15434e-05  
2019   5.15295e-05  
2020   5.14485e-05  
2021   5.1273e-05  
2022   5.12628e-05  
2023   5.124e-05  
2024   5.1229e-05  
2025   5.11477e-05  
2026   5.10729e-05  
2027   5.10272e-05  
2028   5.09686e-05  
2029   5.09577e-05  
2030   5.09383e-05  
2031   5.09303e-05  
2032   5.08486e-05  
2033   5.0666e-05  
2034   5.06545e-05  
2035   5.06385e-05  
2036   5.06333e-05  
2037   5.05514e-05  
2038   5.04845e-05  
2039   5.04386e-05  
2040   5.03654e-05  
2041   5.0353e-05  
2042   5.03404e-05  
2043   5.03381e-05  
2044   5.02559e-05  
2045   5.00666e-05  
2046   5.00534e-05  
2047   5.00446e-05  
2048   5.00441e-05  
2049   4.99621e-05  
2050   4.98988e-05  
2051   4.98528e-05  
2052   4.97696e-05  
2053   4.97555e-05  
2054   4.97529e-05  
2055   4.97496e-05  
2056   4.96701e-05  
2057   4.94744e-05  
2058   4.94628e-05  
2059   4.94595e-05  
2060   4.94567e-05  
2061   4.93797e-05  
2062   4.9316e-05  
2063   4.92699e-05  
2064   4.91811e-05  
2065   4.91744e-05  
2066   4.91657e-05  
2067   4.91652e-05  
2068   4.90911e-05  
2069   4.88896e-05  
2070   4.88878e-05  
2071   4.88763e-05  
2072   4.88727e-05  
2073   4.88042e-05  
2074   4.87362e-05  
2075   4.869e-05  
2076   4.86028e-05  
2077   4.85999e-05  
2078   4.85887e-05  
2079   4.85819e-05  
2080   4.8519e-05  
2081   4.83195e-05  
2082   4.8312e-05  
2083   4.83028e-05  
2084   4.82929e-05  
2085   4.82355e-05  
2086   4.81595e-05  
2087   4.81132e-05  
2088   4.80379e-05  
2089   4.80259e-05  
2090   4.80186e-05  
2091   4.80056e-05  
2092   4.79536e-05  
2093   4.77579e-05  
2094   4.77415e-05  
2095   4.7736e-05  
2096   4.772e-05  
2097   4.76734e-05  
2098   4.75861e-05  
2099   4.75398e-05  
2100   4.74796e-05  
2101   4.74589e-05  
2102   4.74551e-05  
2103   4.74362e-05  
2104   4.73949e-05  
2105   4.72029e-05  
2106   4.7178e-05  
2107   4.71759e-05  
2108   4.7154e-05  
2109   4.7118e-05  
2110   4.70162e-05  
2111   4.69698e-05  
2112   4.69279e-05  
2113   4.68989e-05  
2114   4.68984e-05  
2115   4.68736e-05  
2116   4.68427e-05  
2117   4.66544e-05  
2118   4.66225e-05  
2119   4.66215e-05  
2120   4.65948e-05  
2121   4.6569e-05  
2122   4.64497e-05  
2123   4.64033e-05  
2124   4.63825e-05  
2125   4.63482e-05  
2126   4.63458e-05  
2127   4.63177e-05  
2128   4.6297e-05  
2129   4.61123e-05  
2130   4.60756e-05  
2131   4.60718e-05  
2132   4.60423e-05  
2133   4.60265e-05  
2134   4.58869e-05  
2135   4.58436e-05  
2136   4.58404e-05  
2137   4.58045e-05  
2138   4.57996e-05  
2139   4.57685e-05  
2140   4.57576e-05  
2141   4.55766e-05  
2142   4.55351e-05  
2143   4.5529e-05  
2144   4.54964e-05  
2145   4.54904e-05  
2146   4.53278e-05  
2147   4.53111e-05  
2148   4.52813e-05  
2149   4.52672e-05  
2150   4.52601e-05  
2151   4.52259e-05  
2152   4.52247e-05  
2153   4.50472e-05  
2154   4.5001e-05  
2155   4.49928e-05  
2156   4.49605e-05  
2157   4.4957e-05  
2158   4.47848e-05  
2159   4.47725e-05  
2160   4.47363e-05  
2161   4.47272e-05  
2162   4.47259e-05  
2163   4.4698e-05  
2164   4.46897e-05  
2165   4.45239e-05  
2166   4.44732e-05  
2167   4.44633e-05  
2168   4.44369e-05  
2169   4.4424e-05  
2170   4.42646e-05  
2171   4.42211e-05  
2172   4.42117e-05  
2173   4.4201e-05  
2174   4.41774e-05  
2175   4.41745e-05  
2176   4.41599e-05  
2177   4.40068e-05  
2178   4.39517e-05  
2179   4.39403e-05  
2180   4.39195e-05  
2181   4.38974e-05  
2182   4.37505e-05  
2183   4.36932e-05  
2184   4.36813e-05  
2185   4.36736e-05  
2186   4.3663e-05  
2187   4.36365e-05  
2188   4.3627e-05  
2189   4.35429e-05  
2190   4.34957e-05  
2191   4.34363e-05  
2192   4.34238e-05  
2193   4.34081e-05  
2194   4.33772e-05  
2195   4.32907e-05  
2196   4.32425e-05  
2197   4.31809e-05  
2198   4.3168e-05  
2199   4.31546e-05  
2200   4.31301e-05  
2201   4.31194e-05  
2202   4.30834e-05  
2203   4.30399e-05  
2204   4.29907e-05  
2205   4.2927e-05  
2206   4.29138e-05  
2207   4.29027e-05  
2208   4.28631e-05  
2209   4.27906e-05  
2210   4.27404e-05  
2211   4.26746e-05  
2212   4.26611e-05  
2213   4.26522e-05  
2214   4.26084e-05  
2215   4.25907e-05  
2216   4.2544e-05  
2217   4.25427e-05  
2218   4.24916e-05  
2219   4.24237e-05  
2220   4.241e-05  
2221   4.24032e-05  
2222   4.23552e-05  
2223   4.22963e-05  
2224   4.22442e-05  
2225   4.21743e-05  
2226   4.21605e-05  
2227   4.21557e-05  
2228   4.21035e-05  
2229   4.20554e-05  
2230   4.20513e-05  
2231   4.20087e-05  
2232   4.19983e-05  
2233   4.19264e-05  
2234   4.19125e-05  
2235   4.19096e-05  
2236   4.18534e-05  
2237   4.18077e-05  
2238   4.17538e-05  
2239   4.16799e-05  
2240   4.16661e-05  
2241   4.1665e-05  
2242   4.16047e-05  
2243   4.15656e-05  
2244   4.15242e-05  
2245   4.15107e-05  
2246   4.14775e-05  
2247   4.14349e-05  
2248   4.14218e-05  
2249   4.14213e-05  
2250   4.13575e-05  
2251   4.13249e-05  
2252   4.12691e-05  
2253   4.11914e-05  
2254   4.11801e-05  
2255   4.11779e-05  
2256   4.11119e-05  
2257   4.10856e-05  
2258   4.10289e-05  
2259   4.09973e-05  
2260   4.09506e-05  
2261   4.09493e-05  
2262   4.09398e-05  
2263   4.09361e-05  
2264   4.08677e-05  
2265   4.08477e-05  
2266   4.07901e-05  
2267   4.07086e-05  
2268   4.07009e-05  
2269   4.06958e-05  
2270   4.06249e-05  
2271   4.06112e-05  
2272   4.05528e-05  
2273   4.04746e-05  
2274   4.04694e-05  
2275   4.04634e-05  
2276   4.04569e-05  
2277   4.04279e-05  
2278   4.03836e-05  
2279   4.03761e-05  
2280   4.03168e-05  
2281   4.02315e-05  
2282   4.02273e-05  
2283   4.02196e-05  
2284   4.01438e-05  
2285   4.01423e-05  
2286   4.00822e-05  
2287   3.99951e-05  
2288   3.99925e-05  
2289   3.99838e-05  
2290   3.99562e-05  
2291   3.991e-05  
2292   3.99095e-05  
2293   3.99054e-05  
2294   3.9849e-05  
2295   3.97601e-05  
2296   3.97592e-05  
2297   3.97494e-05  
2298   3.9679e-05  
2299   3.96684e-05  
2300   3.96171e-05  
2301   3.95272e-05  
2302   3.95264e-05  
2303   3.95165e-05  
2304   3.94493e-05  
2305   3.94422e-05  
2306   3.94329e-05  
2307   3.93955e-05  
2308   3.93866e-05  
2309   3.92966e-05  
2310   3.92942e-05  
2311   3.92851e-05  
2312   3.9221e-05  
2313   3.91988e-05  
2314   3.91575e-05  
2315   3.90674e-05  
2316   3.90633e-05  
2317   3.90551e-05  
2318   3.8994e-05  
2319   3.89661e-05  
2320   3.89325e-05  
2321   3.89297e-05  
2322   3.88858e-05  
2323   3.88395e-05  
2324   3.88338e-05  
2325   3.88266e-05  
2326   3.87684e-05  
2327   3.87347e-05  
2328   3.87032e-05  
2329   3.86129e-05  
2330   3.86056e-05  
2331   3.85995e-05  
2332   3.85441e-05  
2333   3.85048e-05  
2334   3.84781e-05  
2335   3.84271e-05  
2336   3.83877e-05  
2337   3.83805e-05  
2338   3.83788e-05  
2339   3.83738e-05  
2340   3.83211e-05  
2341   3.82762e-05  
2342   3.82543e-05  
2343   3.81638e-05  
2344   3.81534e-05  
2345   3.81496e-05  
2346   3.80993e-05  
2347   3.8049e-05  
2348   3.80318e-05  
2349   3.79412e-05  
2350   3.79292e-05  
2351   3.79267e-05  
2352   3.79262e-05  
2353   3.78796e-05  
2354   3.78789e-05  
2355   3.78232e-05  
2356   3.78106e-05  
2357   3.772e-05  
2358   3.77065e-05  
2359   3.77053e-05  
2360   3.76598e-05  
2361   3.75987e-05  
2362   3.75907e-05  
2363   3.75e-05  
2364   3.74852e-05  
2365   3.7485e-05  
2366   3.74419e-05  
2367   3.74297e-05  
2368   3.73831e-05  
2369   3.73756e-05  
2370   3.73722e-05  
2371   3.72814e-05  
2372   3.72666e-05  
2373   3.72648e-05  
2374   3.72254e-05  
2375   3.71549e-05  
2376   3.71538e-05  
2377   3.7064e-05  
2378   3.70493e-05  
2379   3.7046e-05  
2380   3.701e-05  
2381   3.69388e-05  
2382   3.69376e-05  
2383   3.69334e-05  
2384   3.68911e-05  
2385   3.68479e-05  
2386   3.68334e-05  
2387   3.68284e-05  
2388   3.6796e-05  
2389   3.67241e-05  
2390   3.67142e-05  
2391   3.66331e-05  
2392   3.66189e-05  
2393   3.66121e-05  
2394   3.65832e-05  
2395   3.65106e-05  
2396   3.64964e-05  
2397   3.645e-05  
2398   3.64195e-05  
2399   3.64057e-05  
2400   3.64035e-05  
2401   3.63971e-05  
2402   3.63717e-05  
2403   3.62983e-05  
2404   3.62799e-05  
2405   3.62072e-05  
2406   3.61939e-05  
2407   3.61834e-05  
2408   3.61613e-05  
2409   3.60873e-05  
2410   3.60647e-05  
2411   3.59961e-05  
2412   3.59834e-05  
2413   3.5971e-05  
2414   3.59668e-05  
2415   3.59522e-05  
2416   3.59204e-05  
2417   3.58775e-05  
2418   3.58508e-05  
2419   3.57863e-05  
2420   3.57743e-05  
2421   3.57598e-05  
2422   3.57443e-05  
2423   3.5669e-05  
2424   3.56381e-05  
2425   3.55777e-05  
2426   3.55665e-05  
2427   3.55498e-05  
2428   3.55377e-05  
2429   3.54882e-05  
2430   3.54617e-05  
2431   3.54418e-05  
2432   3.54268e-05  
2433   3.53703e-05  
2434   3.536e-05  
2435   3.53411e-05  
2436   3.53323e-05  
2437   3.52556e-05  
2438   3.52167e-05  
2439   3.51642e-05  
2440   3.51548e-05  
2441   3.51336e-05  
2442   3.5128e-05  
2443   3.50507e-05  
2444   3.5014e-05  
2445   3.50079e-05  
2446   3.49676e-05  
2447   3.49592e-05  
2448   3.49509e-05  
2449   3.49274e-05  
2450   3.4925e-05  
2451   3.4847e-05  
2452   3.48003e-05  
2453   3.47555e-05  
2454   3.47483e-05  
2455   3.47231e-05  
2456   3.47224e-05  
2457   3.46446e-05  
2458   3.4594e-05  
2459   3.4553e-05  
2460   3.4547e-05  
2461   3.45443e-05  
2462   3.45224e-05  
2463   3.45185e-05  
2464   3.4498e-05  
2465   3.44433e-05  
2466   3.43889e-05  
2467   3.43516e-05  
2468   3.4347e-05  
2469   3.43229e-05  
2470   3.43159e-05  
2471   3.42431e-05  
2472   3.41851e-05  
2473   3.41515e-05  
2474   3.41483e-05  
2475   3.41245e-05  
2476   3.41145e-05  
2477   3.40791e-05  
2478   3.40442e-05  
2479   3.40328e-05  
2480   3.39824e-05  
2481   3.39525e-05  
2482   3.39509e-05  
2483   3.39274e-05  
2484   3.39143e-05  
2485   3.38464e-05  
2486   3.3781e-05  
2487   3.37547e-05  
2488   3.37547e-05  
2489   3.37313e-05  
2490   3.37153e-05  
2491   3.36498e-05  
2492   3.36184e-05  
2493   3.35808e-05  
2494   3.35722e-05  
2495   3.35597e-05  
2496   3.35581e-05  
2497   3.35364e-05  
2498   3.35174e-05  
2499   3.34543e-05  
2500   3.33818e-05  
2501   3.3366e-05  
2502   3.33626e-05  
2503   3.33427e-05  
2504   3.33208e-05  
2505   3.326e-05  
2506   3.3184e-05  
2507   3.31736e-05  
2508   3.31682e-05  
2509   3.31622e-05  
2510   3.315e-05  
2511   3.31253e-05  
2512   3.3116e-05  
2513   3.30668e-05  
2514   3.29874e-05  
2515   3.29824e-05  
2516   3.2975e-05  
2517   3.29585e-05  
2518   3.29309e-05  
2519   3.28748e-05  
2520   3.27924e-05  
2521   3.2792e-05  
2522   3.2783e-05  
2523   3.27681e-05  
2524   3.27377e-05  
2525   3.27104e-05  
2526   3.26839e-05  
2527   3.26644e-05  
2528   3.26037e-05  
2529   3.25977e-05  
2530   3.25921e-05  
2531   3.25789e-05  
2532   3.25456e-05  
2533   3.24941e-05  
2534   3.24162e-05  
2535   3.24047e-05  
2536   3.24022e-05  
2537   3.23907e-05  
2538   3.23547e-05  
2539   3.23054e-05  
2540   3.22632e-05  
2541   3.22298e-05  
2542   3.22172e-05  
2543   3.22135e-05  
2544   3.22127e-05  
2545   3.22037e-05  
2546   3.21649e-05  
2547   3.21178e-05  
2548   3.20447e-05  
2549   3.2026e-05  
2550   3.20219e-05  
2551   3.20177e-05  
2552   3.19763e-05  
2553   3.19314e-05  
2554   3.18608e-05  
2555   3.18395e-05  
2556   3.18328e-05  
2557   3.18323e-05  
2558   3.18205e-05  
2559   3.17887e-05  
2560   3.17746e-05  
2561   3.1746e-05  
2562   3.16781e-05  
2563   3.16541e-05  
2564   3.1649e-05  
2565   3.16438e-05  
2566   3.16023e-05  
2567   3.15617e-05  
2568   3.14966e-05  
2569   3.14698e-05  
2570   3.14663e-05  
2571   3.14565e-05  
2572   3.14169e-05  
2573   3.13823e-05  
2574   3.13785e-05  
2575   3.13364e-05  
2576   3.13162e-05  
2577   3.12866e-05  
2578   3.12846e-05  
2579   3.12702e-05  
2580   3.12327e-05  
2581   3.11963e-05  
2582   3.11371e-05  
2583   3.11044e-05  
2584   3.1104e-05  
2585   3.10851e-05  
2586   3.10495e-05  
2587   3.10153e-05  
2588   3.09591e-05  
2589   3.09485e-05  
2590   3.09245e-05  
2591   3.09234e-05  
2592   3.09027e-05  
2593   3.09011e-05  
2594   3.08675e-05  
2595   3.08353e-05  
2596   3.07822e-05  
2597   3.0746e-05  
2598   3.07434e-05  
2599   3.07182e-05  
2600   3.06865e-05  
2601   3.06563e-05  
2602   3.06065e-05  
2603   3.05685e-05  
2604   3.05644e-05  
2605   3.05364e-05  
2606   3.05192e-05  
2607   3.05065e-05  
2608   3.04784e-05  
2609   3.04735e-05  
2610   3.0432e-05  
2611   3.03921e-05  
2612   3.03865e-05  
2613   3.03557e-05  
2614   3.03277e-05  
2615   3.03015e-05  
2616   3.02586e-05  
2617   3.02167e-05  
2618   3.02097e-05  
2619   3.01761e-05  
2620   3.01499e-05  
2621   3.01257e-05  
2622   3.00944e-05  
2623   3.00864e-05  
2624   3.00487e-05  
2625   3.00423e-05  
2626   3.00339e-05  
2627   2.99975e-05  
2628   2.99732e-05  
2629   2.99509e-05  
2630   2.99153e-05  
2631   2.9869e-05  
2632   2.98591e-05  
2633   2.98201e-05  
2634   2.97975e-05  
2635   2.97771e-05  
2636   2.97453e-05  
2637   2.96966e-05  
2638   2.96853e-05  
2639   2.9674e-05  
2640   2.96437e-05  
2641   2.96283e-05  
2642   2.96228e-05  
2643   2.96044e-05  
2644   2.95765e-05  
2645   2.95253e-05  
2646   2.95126e-05  
2647   2.94683e-05  
2648   2.94492e-05  
2649   2.94327e-05  
2650   2.94088e-05  
2651   2.9355e-05  
2652   2.93409e-05  
2653   2.92941e-05  
2654   2.92766e-05  
2655   2.92619e-05  
2656   2.92581e-05  
2657   2.92421e-05  
2658   2.92125e-05  
2659   2.91857e-05  
2660   2.91828e-05  
2661   2.91702e-05  
2662   2.91208e-05  
2663   2.9105e-05  
2664   2.90922e-05  
2665   2.90766e-05  
2666   2.90173e-05  
2667   2.90162e-05  
2668   2.90005e-05  
2669   2.89486e-05  
2670   2.89344e-05  
2671   2.89235e-05  
2672   2.89122e-05  
2673   2.88505e-05  
2674   2.885e-05  
2675   2.88465e-05  
2676   2.88318e-05  
2677   2.8801e-05  
2678   2.87775e-05  
2679   2.87649e-05  
2680   2.87557e-05  
2681   2.87489e-05  
2682   2.86858e-05  
2683   2.86836e-05  
2684   2.86641e-05  
2685   2.86074e-05  
2686   2.85963e-05  
2687   2.8589e-05  
2688   2.85867e-05  
2689   2.8522e-05  
2690   2.85181e-05  
2691   2.84973e-05  
2692   2.84393e-05  
2693   2.84383e-05  
2694   2.84288e-05  
2695   2.84256e-05  
2696   2.84232e-05  
2697   2.83939e-05  
2698   2.83591e-05  
2699   2.83537e-05  
2700   2.83316e-05  
2701   2.82702e-05  
2702   2.82656e-05  
2703   2.82622e-05  
2704   2.82583e-05  
2705   2.81973e-05  
2706   2.81902e-05  
2707   2.81668e-05  
2708   2.81067e-05  
2709   2.81031e-05  
2710   2.80966e-05  
2711   2.80945e-05  
2712   2.80366e-05  
2713   2.80363e-05  
2714   2.80276e-05  
2715   2.8003e-05  
2716   2.79913e-05  
2717   2.79488e-05  
2718   2.79371e-05  
2719   2.7932e-05  
2720   2.79316e-05  
2721   2.78763e-05  
2722   2.7866e-05  
2723   2.78401e-05  
2724   2.7792e-05  
2725   2.7772e-05  
2726   2.77697e-05  
2727   2.77684e-05  
2728   2.77172e-05  
2729   2.77054e-05  
2730   2.76782e-05  
2731   2.76382e-05  
2732   2.76363e-05  
2733   2.76087e-05  
2734   2.76079e-05  
2735   2.76058e-05  
2736   2.7593e-05  
2737   2.7559e-05  
2738   2.75457e-05  
2739   2.75173e-05  
2740   2.74816e-05  
2741   2.74486e-05  
2742   2.74449e-05  
2743   2.74441e-05  
2744   2.74017e-05  
2745   2.73869e-05  
2746   2.73573e-05  
2747   2.7328e-05  
2748   2.72895e-05  
2749   2.72833e-05  
2750   2.72828e-05  
2751   2.72454e-05  
2752   2.72442e-05  
2753   2.72291e-05  
2754   2.7199e-05  
2755   2.71982e-05  
2756   2.71754e-05  
2757   2.71313e-05  
2758   2.71235e-05  
2759   2.71216e-05  
2760   2.709e-05  
2761   2.70721e-05  
2762   2.70401e-05  
2763   2.70239e-05  
2764   2.69741e-05  
2765   2.69647e-05  
2766   2.69615e-05  
2767   2.69355e-05  
2768   2.69161e-05  
2769   2.68829e-05  
2770   2.68735e-05  
2771   2.68545e-05  
2772   2.68178e-05  
2773   2.68094e-05  
2774   2.68068e-05  
2775   2.68023e-05  
2776   2.67818e-05  
2777   2.6761e-05  
2778   2.67266e-05  
2779   2.67241e-05  
2780   2.66624e-05  
2781   2.66498e-05  
2782   2.66441e-05  
2783   2.66291e-05  
2784   2.66068e-05  
2785   2.65757e-05  
2786   2.65713e-05  
2787   2.65079e-05  
2788   2.64938e-05  
2789   2.64868e-05  
2790   2.64772e-05  
2791   2.64692e-05  
2792   2.64535e-05  
2793   2.64284e-05  
2794   2.64242e-05  
2795   2.64168e-05  
2796   2.63543e-05  
2797   2.63387e-05  
2798   2.63305e-05  
2799   2.63263e-05  
2800   2.63011e-05  
2801   2.62821e-05  
2802   2.62633e-05  
2803   2.62016e-05  
2804   2.61845e-05  
2805   2.61761e-05  
2806   2.61751e-05  
2807   2.61495e-05  
2808   2.61368e-05  
2809   2.61106e-05  
2810   2.60881e-05  
2811   2.60498e-05  
2812   2.60432e-05  
2813   2.60312e-05  
2814   2.60269e-05  
2815   2.60206e-05  
2816   2.59989e-05  
2817   2.59926e-05  
2818   2.59589e-05  
2819   2.58989e-05  
2820   2.58788e-05  
2821   2.58785e-05  
2822   2.58671e-05  
2823   2.58494e-05  
2824   2.58492e-05  
2825   2.5808e-05  
2826   2.57488e-05  
2827   2.5731e-05  
2828   2.57274e-05  
2829   2.57145e-05  
2830   2.57114e-05  
2831   2.57072e-05  
2832   2.57003e-05  
2833   2.56665e-05  
2834   2.56581e-05  
2835   2.55997e-05  
2836   2.55843e-05  
2837   2.55768e-05  
2838   2.5566e-05  
2839   2.55628e-05  
2840   2.55523e-05  
2841   2.5509e-05  
2842   2.54514e-05  
2843   2.54385e-05  
2844   2.54271e-05  
2845   2.54259e-05  
2846   2.54121e-05  
2847   2.54051e-05  
2848   2.53608e-05  
2849   2.53389e-05  
2850   2.5304e-05  
2851   2.52941e-05  
2852   2.52935e-05  
2853   2.52867e-05  
2854   2.52783e-05  
2855   2.52622e-05  
2856   2.52588e-05  
2857   2.52134e-05  
2858   2.51574e-05  
2859   2.51494e-05  
2860   2.51486e-05  
2861   2.51303e-05  
2862   2.51134e-05  
2863   2.51133e-05  
2864   2.5067e-05  
2865   2.50118e-05  
2866   2.50115e-05  
2867   2.50061e-05  
2868   2.49833e-05  
2869   2.49706e-05  
2870   2.49688e-05  
2871   2.49652e-05  
2872   2.49259e-05  
2873   2.49214e-05  
2874   2.48754e-05  
2875   2.48669e-05  
2876   2.48636e-05  
2877   2.48371e-05  
2878   2.4825e-05  
2879   2.4818e-05  
2880   2.47766e-05  
2881   2.47404e-05  
2882   2.47229e-05  
2883   2.4722e-05  
2884   2.46918e-05  
2885   2.46821e-05  
2886   2.46718e-05  
2887   2.46327e-05  
2888   2.46065e-05  
2889   2.46063e-05  
2890   2.45811e-05  
2891   2.45798e-05  
2892   2.45619e-05  
2893   2.45473e-05  
2894   2.454e-05  
2895   2.45264e-05  
2896   2.44896e-05  
2897   2.44732e-05  
2898   2.44411e-05  
2899   2.44375e-05  
2900   2.44037e-05  
2901   2.43988e-05  
2902   2.43819e-05  
2903   2.43474e-05  
2904   2.43412e-05  
2905   2.43019e-05  
2906   2.4296e-05  
2907   2.4261e-05  
2908   2.42584e-05  
2909   2.42466e-05  
2910   2.42382e-05  
2911   2.42101e-05  
2912   2.4206e-05  
2913   2.42022e-05  
2914   2.41635e-05  
2915   2.41554e-05  
2916   2.41191e-05  
2917   2.41188e-05  
2918   2.40954e-05  
2919   2.40801e-05  
2920   2.40654e-05  
2921   2.40259e-05  
2922   2.40156e-05  
2923   2.398e-05  
2924   2.3978e-05  
2925   2.39535e-05  
2926   2.3951e-05  
2927   2.39257e-05  
2928   2.38909e-05  
2929   2.38891e-05  
2930   2.38766e-05  
2931   2.38466e-05  
2932   2.3842e-05  
2933   2.38378e-05  
2934   2.3823e-05  
2935   2.38125e-05  
2936   2.37868e-05  
2937   2.37531e-05  
2938   2.37384e-05  
2939   2.37048e-05  
2940   2.36984e-05  
2941   2.3696e-05  
2942   2.36723e-05  
2943   2.36487e-05  
2944   2.36179e-05  
2945   2.3601e-05  
2946   2.357e-05  
2947   2.35684e-05  
2948   2.35598e-05  
2949   2.35394e-05  
2950   2.35329e-05  
2951   2.35114e-05  
2952   2.34951e-05  
2953   2.34834e-05  
2954   2.34644e-05  
2955   2.3445e-05  
2956   2.34328e-05  
2957   2.3422e-05  
2958   2.33944e-05  
2959   2.33749e-05  
2960   2.33497e-05  
2961   2.33287e-05  
2962   2.33211e-05  
2963   2.3298e-05  
2964   2.32851e-05  
2965   2.32567e-05  
2966   2.32392e-05  
2967   2.32168e-05  
2968   2.31981e-05  
2969   2.31937e-05  
2970   2.31919e-05  
2971   2.3164e-05  
2972   2.31489e-05  
2973   2.31478e-05  
2974   2.31199e-05  
2975   2.31043e-05  
2976   2.30847e-05  
2977   2.30762e-05  
2978   2.30595e-05  
2979   2.30308e-05  
2980   2.30136e-05  
2981   2.29839e-05  
2982   2.29702e-05  
2983   2.29553e-05  
2984   2.29534e-05  
2985   2.29261e-05  
2986   2.28983e-05  
2987   2.28791e-05  
2988   2.28487e-05  
2989   2.28486e-05  
2990   2.28369e-05  
2991   2.28355e-05  
2992   2.28228e-05  
2993   2.28045e-05  
2994   2.27935e-05  
2995   2.27667e-05  
2996   2.27453e-05  
2997   2.27167e-05  
2998   2.27143e-05  
2999   2.27044e-05  
3000   2.26929e-05  
3001   2.26616e-05  
3002   2.26357e-05  
3003   2.26124e-05  
3004   2.2599e-05  
3005   2.25807e-05  
3006   2.25726e-05  
3007   2.25638e-05  
3008   2.25305e-05  
3009   2.25094e-05  
3010   2.25056e-05  
3011   2.24823e-05  
3012   2.24802e-05  
3013   2.24654e-05  
3014   2.24479e-05  
3015   2.24416e-05  
3016   2.24354e-05  
3017   2.24002e-05  
3018   2.23762e-05  
3019   2.23667e-05  
3020   2.23488e-05  
3021   2.2316e-05  
3022   2.23114e-05  
3023   2.23078e-05  
3024   2.22707e-05  
3025   2.22521e-05  
3026   2.22475e-05  
3027   2.22182e-05  
3028   2.21848e-05  
3029   2.2182e-05  
3030   2.21809e-05  
3031   2.21742e-05  
3032   2.21419e-05  
3033   2.21387e-05  
3034   2.21302e-05  
3035   2.21196e-05  
3036   2.20884e-05  
3037   2.20548e-05  
3038   2.20544e-05  
3039   2.20533e-05  
3040   2.20264e-05  
3041   2.20138e-05  
3042   2.19925e-05  
3043   2.19593e-05  
3044   2.19294e-05  
3045   2.19253e-05  
3046   2.19249e-05  
3047   2.19152e-05  
3048   2.18866e-05  
3049   2.18661e-05  
3050   2.1843e-05  
3051   2.1831e-05  
3052   2.18051e-05  
3053   2.18047e-05  
3054   2.17991e-05  
3055   2.17982e-05  
3056   2.17961e-05  
3057   2.176e-05  
3058   2.17404e-05  
3059   2.17035e-05  
3060   2.16963e-05  
3061   2.16807e-05  
3062   2.16717e-05  
3063   2.1668e-05  
3064   2.16342e-05  
3065   2.16155e-05  
3066   2.15886e-05  
3067   2.15767e-05  
3068   2.15575e-05  
3069   2.1546e-05  
3070   2.15408e-05  
3071   2.15158e-05  
3072   2.15092e-05  
3073   2.14913e-05  
3074   2.14822e-05  
3075   2.1472e-05  
3076   2.14506e-05  
3077   2.14349e-05  
3078   2.14211e-05  
3079   2.14143e-05  
3080   2.13848e-05  
3081   2.1377e-05  
3082   2.13678e-05  
3083   2.13253e-05  
3084   2.13131e-05  
3085   2.12968e-05  
3086   2.12886e-05  
3087   2.12732e-05  
3088   2.12612e-05  
3089   2.1245e-05  
3090   2.12008e-05  
3091   2.11925e-05  
3092   2.1192e-05  
3093   2.11734e-05  
3094   2.11707e-05  
3095   2.11637e-05  
3096   2.11489e-05  
3097   2.11383e-05  
3098   2.1123e-05  
3099   2.10769e-05  
3100   2.10715e-05  
3101   2.10698e-05  
3102   2.10506e-05  
3103   2.10395e-05  
3104   2.10162e-05  
3105   2.10016e-05  
3106   2.09702e-05  
3107   2.09539e-05  
3108   2.09518e-05  
3109   2.09285e-05  
3110   2.0916e-05  
3111   2.08947e-05  
3112   2.0881e-05  
3113   2.08732e-05  
3114   2.08727e-05  
3115   2.08327e-05  
3116   2.08315e-05  
3117   2.08297e-05  
3118   2.08072e-05  
3119   2.07933e-05  
3120   2.07759e-05  
3121   2.0774e-05  
3122   2.0761e-05  
3123   2.07144e-05  
3124   2.07099e-05  
3125   2.06866e-05  
3126   2.06837e-05  
3127   2.06714e-05  
3128   2.06539e-05  
3129   2.06418e-05  
3130   2.06303e-05  
3131   2.05967e-05  
3132   2.05889e-05  
3133   2.05885e-05  
3134   2.05667e-05  
3135   2.05577e-05  
3136   2.05502e-05  
3137   2.05346e-05  
3138   2.05232e-05  
3139   2.05147e-05  
3140   2.05144e-05  
3141   2.05072e-05  
3142   2.04797e-05  
3143   2.04687e-05  
3144   2.04474e-05  
3145   2.04297e-05  
3146   2.0416e-05  
3147   2.04075e-05  
3148   2.04054e-05  
3149   2.03998e-05  
3150   2.03634e-05  
3151   2.03516e-05  
3152   2.03492e-05  
3153   2.03289e-05  
3154   2.031e-05  
3155   2.0298e-05  
3156   2.02882e-05  
3157   2.02855e-05  
3158   2.02477e-05  
3159   2.02462e-05  
3160   2.02314e-05  
3161   2.02304e-05  
3162   2.02111e-05  
3163   2.02048e-05  
3164   2.0203e-05  
3165   2.01909e-05  
3166   2.01808e-05  
3167   2.01719e-05  
3168   2.01717e-05  
3169   2.01327e-05  
3170   2.01124e-05  
3171   2.0094e-05  
3172   2.00727e-05  
3173   2.00642e-05  
3174   2.00588e-05  
3175   2.00566e-05  
3176   2.00559e-05  
3177   2.00389e-05  
3178   2.00184e-05  
3179   1.9995e-05  
3180   1.99775e-05  
3181   1.99551e-05  
3182   1.99483e-05  
3183   1.99464e-05  
3184   1.99408e-05  
3185   1.99385e-05  
3186   1.99048e-05  
3187   1.98954e-05  
3188   1.98783e-05  
3189   1.9877e-05  
3190   1.98618e-05  
3191   1.98594e-05  
3192   1.98382e-05  
3193   1.98347e-05  
3194   1.98331e-05  
3195   1.98263e-05  
3196   1.97918e-05  
3197   1.97623e-05  
3198   1.97467e-05  
3199   1.97236e-05  
3200   1.9722e-05  
3201   1.97186e-05  
3202   1.97125e-05  
3203   1.96923e-05  
3204   1.96794e-05  
3205   1.96743e-05  
3206   1.96469e-05  
3207   1.96346e-05  
3208   1.96323e-05  
3209   1.96131e-05  
3210   1.96066e-05  
3211   1.96047e-05  
3212   1.95994e-05  
3213   1.95916e-05  
3214   1.95677e-05  
3215   1.95323e-05  
3216   1.95185e-05  
3217   1.95041e-05  
3218   1.95032e-05  
3219   1.94918e-05  
3220   1.94915e-05  
3221   1.94869e-05  
3222   1.94857e-05  
3223   1.94566e-05  
3224   1.94183e-05  
3225   1.94055e-05  
3226   1.9394e-05  
3227   1.9379e-05  
3228   1.93778e-05  
3229   1.93751e-05  
3230   1.93462e-05  
3231   1.93346e-05  
3232   1.93135e-05  
3233   1.9305e-05  
3234   1.92947e-05  
3235   1.92931e-05  
3236   1.92916e-05  
3237   1.92854e-05  
3238   1.92671e-05  
3239   1.92644e-05  
3240   1.92639e-05  
3241   1.92364e-05  
3242   1.91924e-05  
3243   1.91813e-05  
3244   1.91774e-05  
3245   1.91558e-05  
3246   1.91534e-05  
3247   1.91517e-05  
3248   1.91273e-05  
3249   1.91211e-05  
3250   1.9102e-05  
3251   1.90805e-05  
3252   1.90702e-05  
3253   1.907e-05  
3254   1.90453e-05  
3255   1.90435e-05  
3256   1.90398e-05  
3257   1.90383e-05  
3258   1.90187e-05  
3259   1.89954e-05  
3260   1.89692e-05  
3261   1.89632e-05  
3262   1.89598e-05  
3263   1.89353e-05  
3264   1.89343e-05  
3265   1.89284e-05  
3266   1.89274e-05  
3267   1.89109e-05  
3268   1.89081e-05  
3269   1.88585e-05  
3270   1.88571e-05  
3271   1.885e-05  
3272   1.88261e-05  
3273   1.88256e-05  
3274   1.88178e-05  
3275   1.88036e-05  
3276   1.87515e-05  
3277   1.87486e-05  
3278   1.87457e-05  
3279   1.87408e-05  
3280   1.87329e-05  
3281   1.87177e-05  
3282   1.87174e-05  
3283   1.87134e-05  
3284   1.87078e-05  
3285   1.87029e-05  
3286   1.86969e-05  
3287   1.86466e-05  
3288   1.86392e-05  
3289   1.86323e-05  
3290   1.86103e-05  
3291   1.86094e-05  
3292   1.85985e-05  
3293   1.85909e-05  
3294   1.85423e-05  
3295   1.85378e-05  
3296   1.85305e-05  
3297   1.85245e-05  
3298   1.85181e-05  
3299   1.85036e-05  
3300   1.8502e-05  
3301   1.84899e-05  
3302   1.84854e-05  
3303   1.84568e-05  
3304   1.84385e-05  
3305   1.84225e-05  
3306   1.84172e-05  
3307   1.84142e-05  
3308   1.83975e-05  
3309   1.83952e-05  
3310   1.83819e-05  
3311   1.83806e-05  
3312   1.83424e-05  
3313   1.83353e-05  
3314   1.83225e-05  
3315   1.83151e-05  
3316   1.83106e-05  
3317   1.8292e-05  
3318   1.82891e-05  
3319   1.82764e-05  
3320   1.82746e-05  
3321   1.82328e-05  
3322   1.82083e-05  
3323   1.82046e-05  
3324   1.81871e-05  
3325   1.81836e-05  
3326   1.81728e-05  
3327   1.81716e-05  
3328   1.8168e-05  
3329   1.81469e-05  
3330   1.81308e-05  
3331   1.81291e-05  
3332   1.81268e-05  
3333   1.81022e-05  
3334   1.80993e-05  
3335   1.80829e-05  
3336   1.80787e-05  
3337   1.80698e-05  
3338   1.80619e-05  
3339   1.80294e-05  
3340   1.79967e-05  
3341   1.79945e-05  
3342   1.79792e-05  
3343   1.79744e-05  
3344   1.79673e-05  
3345   1.79566e-05  
3346   1.79514e-05  
3347   1.79312e-05  
3348   1.79286e-05  
3349   1.78918e-05  
3350   1.78904e-05  
3351   1.78901e-05  
3352   1.78761e-05  
3353   1.78707e-05  
3354   1.78655e-05  
3355   1.78518e-05  
3356   1.78476e-05  
3357   1.78284e-05  
3358   1.77875e-05  
3359   1.77868e-05  
3360   1.77737e-05  
3361   1.77677e-05  
3362   1.77643e-05  
3363   1.77561e-05  
3364   1.77478e-05  
3365   1.77358e-05  
3366   1.77287e-05  
3367   1.76839e-05  
3368   1.76839e-05  
3369   1.76718e-05  
3370   1.76652e-05  
3371   1.76636e-05  
3372   1.76443e-05  
3373   1.76296e-05  
3374   1.76121e-05  
3375   1.75816e-05  
3376   1.75809e-05  
3377   1.75705e-05  
3378   1.75698e-05  
3379   1.75635e-05  
3380   1.75633e-05  
3381   1.75611e-05  
3382   1.75415e-05  
3383   1.75407e-05  
3384   1.75311e-05  
3385   1.74799e-05  
3386   1.74784e-05  
3387   1.74699e-05  
3388   1.7464e-05  
3389   1.74621e-05  
3390   1.74393e-05  
3391   1.74332e-05  
3392   1.73788e-05  
3393   1.73766e-05  
3394   1.73698e-05  
3395   1.73666e-05  
3396   1.73651e-05  
3397   1.73614e-05  
3398   1.7346e-05  
3399   1.73378e-05  
3400   1.73377e-05  
3401   1.73358e-05  
3402   1.72956e-05  
3403   1.72782e-05  
3404   1.72754e-05  
3405   1.72702e-05  
3406   1.72667e-05  
3407   1.72613e-05  
3408   1.72389e-05  
3409   1.72368e-05  
3410   1.71783e-05  
3411   1.71748e-05  
3412   1.71726e-05  
3413   1.71713e-05  
3414   1.71689e-05  
3415   1.71618e-05  
3416   1.7152e-05  
3417   1.71426e-05  
3418   1.71365e-05  
3419   1.70789e-05  
3420   1.70748e-05  
3421   1.70729e-05  
3422   1.70717e-05  
3423   1.7067e-05  
3424   1.70629e-05  
3425   1.70469e-05  
3426   1.70367e-05  
3427   1.70249e-05  
3428   1.69802e-05  
3429   1.69792e-05  
3430   1.69753e-05  
3431   1.69751e-05  
3432   1.6975e-05  
3433   1.69645e-05  
3434   1.69585e-05  
3435   1.69517e-05  
3436   1.69376e-05  
3437   1.6882e-05  
3438   1.68789e-05  
3439   1.68779e-05  
3440   1.68765e-05  
3441   1.68667e-05  
3442   1.6857e-05  
3443   1.68391e-05  
3444   1.67997e-05  
3445   1.67865e-05  
3446   1.67843e-05  
3447   1.67833e-05  
3448   1.67813e-05  
3449   1.67782e-05  
3450   1.67695e-05  
3451   1.67658e-05  
3452   1.67629e-05  
3453   1.67578e-05  
3454   1.67412e-05  
3455   1.66883e-05  
3456   1.66873e-05  
3457   1.66852e-05  
3458   1.66805e-05  
3459   1.66729e-05  
3460   1.66693e-05  
3461   1.66439e-05  
3462   1.65947e-05  
3463   1.65939e-05  
3464   1.65908e-05  
3465   1.65896e-05  
3466   1.65834e-05  
3467   1.65768e-05  
3468   1.65763e-05  
3469   1.65738e-05  
3470   1.65472e-05  
3471   1.65359e-05  
3472   1.64999e-05  
3473   1.64949e-05  
3474   1.64947e-05  
3475   1.64941e-05  
3476   1.64869e-05  
3477   1.64838e-05  
3478   1.64813e-05  
3479   1.64511e-05  
3480   1.64066e-05  
3481   1.64036e-05  
3482   1.64002e-05  
3483   1.63996e-05  
3484   1.63918e-05  
3485   1.63909e-05  
3486   1.63864e-05  
3487   1.63827e-05  
3488   1.63556e-05  
3489   1.63137e-05  
3490   1.63064e-05  
3491   1.63048e-05  
3492   1.63003e-05  
3493   1.62955e-05  
3494   1.6292e-05  
3495   1.62756e-05  
3496   1.62606e-05  
3497   1.62339e-05  
3498   1.62214e-05  
3499   1.62135e-05  
3500   1.6213e-05  
3501   1.62105e-05  
3502   1.62094e-05  
3503   1.62007e-05  
3504   1.61981e-05  
3505   1.61925e-05  
3506   1.61663e-05  
3507   1.61296e-05  
3508   1.61202e-05  
3509   1.6119e-05  
3510   1.61168e-05  
3511   1.61064e-05  
3512   1.61048e-05  
3513   1.60725e-05  
3514   1.60384e-05  
3515   1.6029e-05  
3516   1.6028e-05  
3517   1.60243e-05  
3518   1.60237e-05  
3519   1.60187e-05  
3520   1.60127e-05  
3521   1.60121e-05  
3522   1.60032e-05  
3523   1.59793e-05  
3524   1.59771e-05  
3525   1.59477e-05  
3526   1.59396e-05  
3527   1.59362e-05  
3528   1.59311e-05  
3529   1.59198e-05  
3530   1.59196e-05  
3531   1.58866e-05  
3532   1.58575e-05  
3533   1.58507e-05  
3534   1.58451e-05  
3535   1.58391e-05  
3536   1.58361e-05  
3537   1.58282e-05  
3538   1.5827e-05  
3539   1.5815e-05  
3540   1.57946e-05  
3541   1.57678e-05  
3542   1.57652e-05  
3543   1.57623e-05  
3544   1.57544e-05  
3545   1.57476e-05  
3546   1.5737e-05  
3547   1.57349e-05  
3548   1.57237e-05  
3549   1.5703e-05  
3550   1.56786e-05  
3551   1.56745e-05  
3552   1.56643e-05  
3553   1.56566e-05  
3554   1.5649e-05  
3555   1.56464e-05  
3556   1.56434e-05  
3557   1.56278e-05  
3558   1.56121e-05  
3559   1.559e-05  
3560   1.55871e-05  
3561   1.55746e-05  
3562   1.55661e-05  
3563   1.55563e-05  
3564   1.55524e-05  
3565   1.55217e-05  
3566   1.55151e-05  
3567   1.55019e-05  
3568   1.55002e-05  
3569   1.54855e-05  
3570   1.54762e-05  
3571   1.54737e-05  
3572   1.54668e-05  
3573   1.54629e-05  
3574   1.5462e-05  
3575   1.54417e-05  
3576   1.54319e-05  
3577   1.54142e-05  
3578   1.54138e-05  
3579   1.5397e-05  
3580   1.53868e-05  
3581   1.53778e-05  
3582   1.53721e-05  
3583   1.53426e-05  
3584   1.53279e-05  
3585   1.53271e-05  
3586   1.53222e-05  
3587   1.53089e-05  
3588   1.5298e-05  
3589   1.52893e-05  
3590   1.52828e-05  
3591   1.5278e-05  
3592   1.52683e-05  
3593   1.52567e-05  
3594   1.52538e-05  
3595   1.52425e-05  
3596   1.52405e-05  
3597   1.52381e-05  
3598   1.5227e-05  
3599   1.52214e-05  
3600   1.52096e-05  
3601   1.52013e-05  
3602   1.51939e-05  
3603   1.51657e-05  
3604   1.51575e-05  
3605   1.51545e-05  
3606   1.51543e-05  
3607   1.51344e-05  
3608   1.51218e-05  
3609   1.51138e-05  
3610   1.51056e-05  
3611   1.50942e-05  
3612   1.5078e-05  
3613   1.50731e-05  
3614   1.50729e-05  
3615   1.50714e-05  
3616   1.50687e-05  
3617   1.50478e-05  
3618   1.50345e-05  
3619   1.50268e-05  
3620   1.50248e-05  
3621   1.50178e-05  
3622   1.49909e-05  
3623   1.49891e-05  
3624   1.49886e-05  
3625   1.49837e-05  
3626   1.49835e-05  
3627   1.49618e-05  
3628   1.49477e-05  
3629   1.49404e-05  
3630   1.49306e-05  
3631   1.49116e-05  
3632   1.49064e-05  
3633   1.49056e-05  
3634   1.49043e-05  
3635   1.48989e-05  
3636   1.48902e-05  
3637   1.48763e-05  
3638   1.48614e-05  
3639   1.48544e-05  
3640   1.48438e-05  
3641   1.48246e-05  
3642   1.48226e-05  
3643   1.48183e-05  
3644   1.48147e-05  
3645   1.47912e-05  
3646   1.47846e-05  
3647   1.47756e-05  
3648   1.4769e-05  
3649   1.47576e-05  
3650   1.47436e-05  
3651   1.47432e-05  
3652   1.47401e-05  
3653   1.47328e-05  
3654   1.47311e-05  
3655   1.47303e-05  
3656   1.47088e-05  
3657   1.47067e-05  
3658   1.46903e-05  
3659   1.4684e-05  
3660   1.46718e-05  
3661   1.46622e-05  
3662   1.4658e-05  
3663   1.46479e-05  
3664   1.46478e-05  
3665   1.46227e-05  
3666   1.46055e-05  
3667   1.45995e-05  
3668   1.45866e-05  
3669   1.45817e-05  
3670   1.45764e-05  
3671   1.45651e-05  
3672   1.45634e-05  
3673   1.45502e-05  
3674   1.45476e-05  
3675   1.45391e-05  
3676   1.45287e-05  
3677   1.45212e-05  
3678   1.45156e-05  
3679   1.45068e-05  
3680   1.45019e-05  
3681   1.45017e-05  
3682   1.44952e-05  
3683   1.44829e-05  
3684   1.44794e-05  
3685   1.4456e-05  
3686   1.44374e-05  
3687   1.44321e-05  
3688   1.44221e-05  
3689   1.44177e-05  
3690   1.44146e-05  
3691   1.44011e-05  
3692   1.4396e-05  
3693   1.43734e-05  
3694   1.43713e-05  
3695   1.43541e-05  
3696   1.43498e-05  
3697   1.43491e-05  
3698   1.4343e-05  
3699   1.43343e-05  
3700   1.4334e-05  
3701   1.43198e-05  
3702   1.43139e-05  
3703   1.43131e-05  
3704   1.42913e-05  
3705   1.42731e-05  
3706   1.42713e-05  
3707   1.42666e-05  
3708   1.42642e-05  
3709   1.42546e-05  
3710   1.42507e-05  
3711   1.4239e-05  
3712   1.42307e-05  
3713   1.42096e-05  
3714   1.41938e-05  
3715   1.41889e-05  
3716   1.41859e-05  
3717   1.41846e-05  
3718   1.41753e-05  
3719   1.41722e-05  
3720   1.4168e-05  
3721   1.41586e-05  
3722   1.41488e-05  
3723   1.41285e-05  
3724   1.41081e-05  
3725   1.41071e-05  
3726   1.4103e-05  
3727   1.40964e-05  
3728   1.40858e-05  
3729   1.40833e-05  
3730   1.40787e-05  
3731   1.40675e-05  
3732   1.40478e-05  
3733   1.40427e-05  
3734   1.40307e-05  
3735   1.40257e-05  
3736   1.40219e-05  
3737   1.4018e-05  
3738   1.40175e-05  
3739   1.4004e-05  
3740   1.39992e-05  
3741   1.39959e-05  
3742   1.39866e-05  
3743   1.39676e-05  
3744   1.39538e-05  
3745   1.39448e-05  
3746   1.39413e-05  
3747   1.394e-05  
3748   1.39228e-05  
3749   1.39202e-05  
3750   1.39063e-05  
3751   1.38878e-05  
3752   1.38773e-05  
3753   1.38644e-05  
3754   1.38625e-05  
3755   1.38612e-05  
3756   1.38559e-05  
3757   1.38426e-05  
3758   1.3842e-05  
3759   1.38417e-05  
3760   1.38264e-05  
3761   1.3821e-05  
3762   1.38153e-05  
3763   1.38085e-05  
3764   1.38012e-05  
3765   1.37854e-05  
3766   1.37844e-05  
3767   1.37815e-05  
3768   1.37636e-05  
3769   1.37617e-05  
3770   1.3747e-05  
3771   1.37297e-05  
3772   1.37255e-05  
3773   1.37087e-05  
3774   1.37049e-05  
3775   1.37023e-05  
3776   1.3686e-05  
3777   1.36818e-05  
3778   1.3669e-05  
3779   1.36682e-05  
3780   1.36513e-05  
3781   1.36503e-05  
3782   1.36474e-05  
3783   1.36325e-05  
3784   1.36315e-05  
3785   1.36259e-05  
3786   1.36236e-05  
3787   1.36088e-05  
3788   1.36025e-05  
3789   1.35911e-05  
3790   1.35898e-05  
3791   1.35755e-05  
3792   1.35734e-05  
3793   1.35568e-05  
3794   1.35473e-05  
3795   1.35453e-05  
3796   1.3532e-05  
3797   1.35236e-05  
3798   1.35119e-05  
3799   1.35011e-05  
3800   1.34968e-05  
3801   1.34959e-05  
3802   1.34814e-05  
3803   1.34752e-05  
3804   1.34692e-05  
3805   1.34675e-05  
3806   1.34557e-05  
3807   1.34452e-05  
3808   1.34345e-05  
3809   1.34271e-05  
3810   1.34189e-05  
3811   1.34103e-05  
3812   1.34065e-05  
3813   1.33916e-05  
3814   1.33901e-05  
3815   1.33798e-05  
3816   1.337e-05  
3817   1.33672e-05  
3818   1.33576e-05  
3819   1.33536e-05  
3820   1.33423e-05  
3821   1.3332e-05  
3822   1.3326e-05  
3823   1.33144e-05  
3824   1.33132e-05  
3825   1.33044e-05  
3826   1.33043e-05  
3827   1.32897e-05  
3828   1.32811e-05  
3829   1.32805e-05  
3830   1.32662e-05  
3831   1.32579e-05  
3832   1.32376e-05  
3833   1.32368e-05  
3834   1.32294e-05  
3835   1.32127e-05  
3836   1.32078e-05  
3837   1.32052e-05  
3838   1.31922e-05  
3839   1.31905e-05  
3840   1.31843e-05  
3841   1.31613e-05  
3842   1.31607e-05  
3843   1.31565e-05  
3844   1.31548e-05  
3845   1.3152e-05  
3846   1.31361e-05  
3847   1.31354e-05  
3848   1.31348e-05  
3849   1.31297e-05  
3850   1.31152e-05  
3851   1.3111e-05  
3852   1.30855e-05  
3853   1.30852e-05  
3854   1.30807e-05  
3855   1.30635e-05  
3856   1.306e-05  
3857   1.30546e-05  
3858   1.30404e-05  
3859   1.30382e-05  
3860   1.30101e-05  
3861   1.301e-05  
3862   1.3007e-05  
3863   1.2992e-05  
3864   1.29885e-05  
3865   1.29843e-05  
3866   1.29801e-05  
3867   1.2977e-05  
3868   1.29668e-05  
3869   1.2966e-05  
3870   1.29658e-05  
3871   1.2937e-05  
3872   1.29353e-05  
3873   1.29351e-05  
3874   1.29337e-05  
3875   1.29209e-05  
3876   1.29091e-05  
3877   1.2906e-05  
3878   1.28939e-05  
3879   1.28921e-05  
3880   1.28611e-05  
3881   1.28608e-05  
3882   1.28606e-05  
3883   1.28502e-05  
3884   1.28343e-05  
3885   1.28324e-05  
3886   1.28223e-05  
3887   1.28219e-05  
3888   1.28186e-05  
3889   1.28001e-05  
3890   1.27883e-05  
3891   1.27872e-05  
3892   1.27865e-05  
3893   1.27799e-05  
3894   1.27649e-05  
3895   1.276e-05  
3896   1.27592e-05  
3897   1.27511e-05  
3898   1.27455e-05  
3899   1.2725e-05  
3900   1.27163e-05  
3901   1.27138e-05  
3902   1.27128e-05  
3903   1.271e-05  
3904   1.26865e-05  
3905   1.26861e-05  
3906   1.26803e-05  
3907   1.26728e-05  
3908   1.26566e-05  
3909   1.26447e-05  
3910   1.26409e-05  
3911   1.26404e-05  
3912   1.26396e-05  
3913   1.26349e-05  
3914   1.26142e-05  
3915   1.26126e-05  
3916   1.261e-05  
3917   1.26005e-05  
3918   1.25735e-05  
3919   1.25713e-05  
3920   1.25683e-05  
3921   1.25668e-05  
3922   1.25558e-05  
3923   1.25424e-05  
3924   1.254e-05  
3925   1.25396e-05  
3926   1.25287e-05  
3927   1.2516e-05  
3928   1.25026e-05  
3929   1.25025e-05  
3930   1.24962e-05  
3931   1.24944e-05  
3932   1.24928e-05  
3933   1.24711e-05  
3934   1.24711e-05  
3935   1.24704e-05  
3936   1.2467e-05  
3937   1.24573e-05  
3938   1.24341e-05  
3939   1.24322e-05  
3940   1.24245e-05  
3941   1.24225e-05  
3942   1.24012e-05  
3943   1.24002e-05  
3944   1.23948e-05  
3945   1.23863e-05  
3946   1.23661e-05  
3947   1.23622e-05  
3948   1.23532e-05  
3949   1.23509e-05  
3950   1.23496e-05  
3951   1.23325e-05  
3952   1.23305e-05  
3953   1.23297e-05  
3954   1.23231e-05  
3955   1.23157e-05  
3956   1.23099e-05  
3957   1.23087e-05  
3958   1.22985e-05  
3959   1.22927e-05  
3960   1.22823e-05  
3961   1.22798e-05  
3962   1.22641e-05  
3963   1.22597e-05  
3964   1.22518e-05  
3965   1.22455e-05  
3966   1.22313e-05  
3967   1.22235e-05  
3968   1.22119e-05  
3969   1.22091e-05  
3970   1.21961e-05  
3971   1.21901e-05  
3972   1.21809e-05  
3973   1.21758e-05  
3974   1.21696e-05  
3975   1.21644e-05  
3976   1.21547e-05  
3977   1.21478e-05  
3978   1.21462e-05  
3979   1.21418e-05  
3980   1.21389e-05  
3981   1.21285e-05  
3982   1.2121e-05  
3983   1.21105e-05  
3984   1.21067e-05  
3985   1.21064e-05  
3986   1.20979e-05  
3987   1.20863e-05  
3988   1.20722e-05  
3989   1.2069e-05  
3990   1.20612e-05  
3991   1.20523e-05  
3992   1.20404e-05  
3993   1.20374e-05  
3994   1.20318e-05  
3995   1.20182e-05  
3996   1.20101e-05  
3997   1.20029e-05  
3998   1.19995e-05  
3999   1.19944e-05  
