0   0.0701576  
1   0.0625433  
2   0.0557129  
3   0.0495944  
4   0.0441209  
5   0.0392299  
6   0.0348642  
7   0.0309709  
8   0.0275019  
9   0.0244135  
10   0.0234766  
11   0.0216657  
12   0.0207583  
13   0.0192227  
14   0.0183507  
15   0.0170519  
16   0.0162194  
17   0.0151241  
18   0.0143336  
19   0.0134127  
20   0.0126656  
21   0.0118943  
22   0.0111909  
23   0.0105476  
24   0.00988754  
25   0.0093536  
26   0.00873597  
27   0.00829531  
28   0.00773288  
29   0.0077188  
30   0.00735757  
31   0.00688858  
32   0.00682058  
33   0.00652686  
34   0.00613512  
35   0.00602758  
36   0.0057911  
37   0.00546341  
38   0.00532761  
39   0.00513956  
40   0.00486506  
41   0.00470987  
42   0.00456268  
43   0.00433241  
44   0.00416478  
45   0.00405194  
46   0.00385852  
47   0.00368385  
48   0.0035998  
49   0.00343708  
50   0.00325956  
51   0.00319954  
52   0.00310127  
53   0.00306243  
54   0.00288528  
55   0.00284522  
56   0.00279884  
57   0.00272946  
58   0.00255511  
59   0.00253154  
60   0.00252477  
61   0.00243359  
62   0.00227687  
63   0.00226388  
64   0.00225383  
65   0.00217073  
66   0.00205296  
67   0.00200794  
68   0.00200698  
69   0.00193722  
70   0.00185096  
71   0.00179019  
72   0.00178037  
73   0.00172979  
74   0.00166889  
75   0.00159732  
76   0.00159538  
77   0.00158045  
78   0.00154551  
79   0.00150491  
80   0.00145232  
81   0.00142645  
82   0.00140408  
83   0.0013818  
84   0.00135732  
85   0.00132118  
86   0.00127503  
87   0.00124847  
88   0.00123633  
89   0.00122451  
90   0.00120129  
91   0.0011408  
92   0.00111114  
93   0.00110707  
94   0.00110507  
95   0.00109191  
96   0.00102178  
97   0.000997648  
98   0.000992264  
99   0.00099217  
100   0.000989945  
101   0.000954262  
102   0.000916186  
103   0.000901612  
104   0.000901059  
105   0.000890016  
106   0.000882961  
107   0.000870004  
108   0.000822468  
109   0.000819226  
110   0.000814206  
111   0.000799165  
112   0.000792921  
113   0.000788503  
114   0.000744412  
115   0.000739244  
116   0.000736103  
117   0.00072252  
118   0.000718338  
119   0.000705084  
120   0.000676518  
121   0.000665855  
122   0.000665296  
123   0.000658309  
124   0.000646398  
125   0.000631393  
126   0.000614934  
127   0.000602655  
128   0.000599807  
129   0.000599545  
130   0.00059184  
131   0.000582339  
132   0.000566274  
133   0.000559093  
134   0.000546553  
135   0.000545777  
136   0.000541185  
137   0.000541042  
138   0.000525267  
139   0.00050871  
140   0.000508471  
141   0.00049811  
142   0.000494837  
143   0.000494562  
144   0.000488943  
145   0.00047439  
146   0.000462587  
147   0.000457802  
148   0.000454067  
149   0.000452482  
150   0.00044842  
151   0.000442508  
152   0.000429006  
153   0.000421  
154   0.00041404  
155   0.000413811  
156   0.000412769  
157   0.000406811  
158   0.00040108  
159   0.000388493  
160   0.000383302  
161   0.000378526  
162   0.000377673  
163   0.000376353  
164   0.000372936  
165   0.000369233  
166   0.00036408  
167   0.000352304  
168   0.000349121  
169   0.000346343  
170   0.000346302  
171   0.000344637  
172   0.000337732  
173   0.000335216  
174   0.000330998  
175   0.000319959  
176   0.000318556  
177   0.000318113  
178   0.000316999  
179   0.000314628  
180   0.00030659  
181   0.000304396  
182   0.000301382  
183   0.000292987  
184   0.000291053  
185   0.000290248  
186   0.000289945  
187   0.000287368  
188   0.000278886  
189   0.00027658  
190   0.000274835  
191   0.000269454  
192   0.000265858  
193   0.000265212  
194   0.000264333  
195   0.000262603  
196   0.000254112  
197   0.000252754  
198   0.000251551  
199   0.000251007  
200   0.000247816  
201   0.000243623  
202   0.000242016  
203   0.000241106  
204   0.000240099  
205   0.000233729  
206   0.000231921  
207   0.000229588  
208   0.000229013  
209   0.000227931  
210   0.000223347  
211   0.000221103  
212   0.000220101  
213   0.000219645  
214   0.000216001  
215   0.00021204  
216   0.000210307  
217   0.000209665  
218   0.000208674  
219   0.000204853  
220   0.00020223  
221   0.000201093  
222   0.000201047  
223   0.000199526  
224   0.000194218  
225   0.000192925  
226   0.000192891  
227   0.000190286  
228   0.000187979  
229   0.000185206  
230   0.000184249  
231   0.000184131  
232   0.000183854  
233   0.00017822  
234   0.000177491  
235   0.000177229  
236   0.000176993  
237   0.000173649  
238   0.000172579  
239   0.000170103  
240   0.000169847  
241   0.000168733  
242   0.000168193  
243   0.000164086  
244   0.000163827  
245   0.000163353  
246   0.000163033  
247   0.000158598  
248   0.000158517  
249   0.000157019  
250   0.000155977  
251   0.000154709  
252   0.000153958  
253   0.000152013  
254   0.000150846  
255   0.000150372  
256   0.000150174  
257   0.000145671  
258   0.000144986  
259   0.000144929  
260   0.000143435  
261   0.000141927  
262   0.000141014  
263   0.000140754  
264   0.000139109  
265   0.000138507  
266   0.000138452  
267   0.00013393  
268   0.000133765  
269   0.000132686  
270   0.000132076  
271   0.000130278  
272   0.000130264  
273   0.000129243  
274   0.000128471  
275   0.000127905  
276   0.000127504  
277   0.000125999  
278   0.000123463  
279   0.000123195  
280   0.000121769  
281   0.000121577  
282   0.00012055  
283   0.000119615  
284   0.000118805  
285   0.000118538  
286   0.000118255  
287   0.000117449  
288   0.000117098  
289   0.000113962  
290   0.000113372  
291   0.000112405  
292   0.000111545  
293   0.000111523  
294   0.000110002  
295   0.00010988  
296   0.000109461  
297   0.000108798  
298   0.000108755  
299   0.000108212  
300   0.000105199  
301   0.000104383  
302   0.000103883  
303   0.000103158  
304   0.000102482  
305   0.000101963  
306   0.000101433  
307   0.000100991  
308   0.000100953  
309   9.99358e-05  
310   9.97254e-05  
311   9.71227e-05  
312   9.61932e-05  
313   9.60735e-05  
314   9.54126e-05  
315   9.46145e-05  
316   9.42772e-05  
317   9.40947e-05  
318   9.36706e-05  
319   9.2876e-05  
320   9.19258e-05  
321   9.18704e-05  
322   9.08565e-05  
323   8.96764e-05  
324   8.90533e-05  
325   8.85787e-05  
326   8.82456e-05  
327   8.78669e-05  
328   8.7375e-05  
329   8.68868e-05  
330   8.68581e-05  
331   8.54703e-05  
332   8.47577e-05  
333   8.46125e-05  
334   8.45291e-05  
335   8.28156e-05  
336   8.25777e-05  
337   8.16661e-05  
338   8.16578e-05  
339   8.16188e-05  
340   8.12142e-05  
341   8.05692e-05  
342   8.01366e-05  
343   7.87458e-05  
344   7.87119e-05  
345   7.81683e-05  
346   7.78441e-05  
347   7.6655e-05  
348   7.64952e-05  
349   7.59525e-05  
350   7.5559e-05  
351   7.54879e-05  
352   7.53024e-05  
353   7.46925e-05  
354   7.40535e-05  
355   7.32419e-05  
356   7.2536e-05  
357   7.21133e-05  
358   7.1756e-05  
359   7.12274e-05  
360   7.06715e-05  
361   7.06702e-05  
362   7.03608e-05  
363   6.98195e-05  
364   6.94647e-05  
365   6.92292e-05  
366   6.85585e-05  
367   6.80868e-05  
368   6.68871e-05  
369   6.65768e-05  
370   6.65471e-05  
371   6.62556e-05  
372   6.61969e-05  
373   6.57612e-05  
374   6.55762e-05  
375   6.5303e-05  
376   6.45741e-05  
377   6.41567e-05  
378   6.40991e-05  
379   6.35976e-05  
380   6.32709e-05  
381   6.20764e-05  
382   6.17675e-05  
383   6.16738e-05  
384   6.14311e-05  
385   6.11742e-05  
386   6.11403e-05  
387   6.11341e-05  
388   6.03536e-05  
389   5.97252e-05  
390   5.9449e-05  
391   5.91655e-05  
392   5.91126e-05  
393   5.87677e-05  
394   5.78555e-05  
395   5.74619e-05  
396   5.72886e-05  
397   5.71014e-05  
398   5.67319e-05  
399   5.66167e-05  
400   5.65246e-05  
401   5.57944e-05  
402   5.52385e-05  
403   5.50767e-05  
404   5.50415e-05  
405   5.46278e-05  
406   5.45656e-05  
407   5.38915e-05  
408   5.35766e-05  
409   5.33457e-05  
410   5.3331e-05  
411   5.2419e-05  
412   5.23175e-05  
413   5.22698e-05  
414   5.15922e-05  
415   5.13336e-05  
416   5.10881e-05  
417   5.10201e-05  
418   5.06493e-05  
419   5.04484e-05  
420   5.01731e-05  
421   4.99876e-05  
422   4.98733e-05  
423   4.97082e-05  
424   4.91986e-05  
425   4.84831e-05  
426   4.84551e-05  
427   4.82403e-05  
428   4.79175e-05  
429   4.77185e-05  
430   4.72516e-05  
431   4.72475e-05  
432   4.70043e-05  
433   4.66949e-05  
434   4.66684e-05  
435   4.66559e-05  
436   4.66021e-05  
437   4.63664e-05  
438   4.59544e-05  
439   4.49874e-05  
440   4.49223e-05  
441   4.46924e-05  
442   4.45037e-05  
443   4.41394e-05  
444   4.37594e-05  
445   4.36969e-05  
446   4.36826e-05  
447   4.36112e-05  
448   4.35787e-05  
449   4.34344e-05  
450   4.32807e-05  
451   4.30637e-05  
452   4.2915e-05  
453   4.1967e-05  
454   4.18057e-05  
455   4.1386e-05  
456   4.11088e-05  
457   4.0921e-05  
458   4.08411e-05  
459   4.06995e-05  
460   4.05191e-05  
461   4.04855e-05  
462   4.04421e-05  
463   4.03865e-05  
464   4.03542e-05  
465   4.00534e-05  
466   3.98038e-05  
467   3.92843e-05  
468   3.89218e-05  
469   3.83594e-05  
470   3.83259e-05  
471   3.80143e-05  
472   3.80127e-05  
473   3.77904e-05  
474   3.77569e-05  
475   3.75529e-05  
476   3.75393e-05  
477   3.75079e-05  
478   3.73585e-05  
479   3.73341e-05  
480   3.68141e-05  
481   3.67706e-05  
482   3.66045e-05  
483   3.62988e-05  
484   3.5974e-05  
485   3.56062e-05  
486   3.5479e-05  
487   3.52389e-05  
488   3.51488e-05  
489   3.49775e-05  
490   3.48965e-05  
491   3.48302e-05  
492   3.48117e-05  
493   3.47251e-05  
494   3.45278e-05  
495   3.44047e-05  
496   3.42507e-05  
497   3.41395e-05  
498   3.38409e-05  
499   3.37579e-05  
500   3.32607e-05  
501   3.30963e-05  
502   3.27808e-05  
503   3.25833e-05  
504   3.24469e-05  
505   3.24277e-05  
506   3.23716e-05  
507   3.22766e-05  
508   3.21391e-05  
509   3.21157e-05  
510   3.20447e-05  
511   3.19223e-05  
512   3.18755e-05  
513   3.16923e-05  
514   3.14064e-05  
515   3.11341e-05  
516   3.08659e-05  
517   3.06514e-05  
518   3.02086e-05  
519   3.01418e-05  
520   3.01139e-05  
521   2.99601e-05  
522   2.99583e-05  
523   2.99244e-05  
524   2.99054e-05  
525   2.98664e-05  
526   2.97688e-05  
527   2.97401e-05  
528   2.95178e-05  
529   2.916e-05  
530   2.91206e-05  
531   2.87592e-05  
532   2.87243e-05  
533   2.81065e-05  
534   2.80167e-05  
535   2.79838e-05  
536   2.79725e-05  
537   2.79573e-05  
538   2.78727e-05  
539   2.78402e-05  
540   2.77377e-05  
541   2.77222e-05  
542   2.76397e-05  
543   2.75186e-05  
544   2.73096e-05  
545   2.72805e-05  
546   2.70834e-05  
547   2.69599e-05  
548   2.6733e-05  
549   2.63057e-05  
550   2.62924e-05  
551   2.61407e-05  
552   2.61213e-05  
553   2.59828e-05  
554   2.59484e-05  
555   2.58234e-05  
556   2.57851e-05  
557   2.56855e-05  
558   2.56441e-05  
559   2.55045e-05  
560   2.54607e-05  
561   2.53144e-05  
562   2.52727e-05  
563   2.52304e-05  
564   2.48051e-05  
565   2.47301e-05  
566   2.47035e-05  
567   2.43467e-05  
568   2.43198e-05  
569   2.4296e-05  
570   2.41688e-05  
571   2.40738e-05  
572   2.39194e-05  
573   2.38347e-05  
574   2.37672e-05  
575   2.37198e-05  
576   2.36551e-05  
577   2.3617e-05  
578   2.35482e-05  
579   2.33517e-05  
580   2.32691e-05  
581   2.32232e-05  
582   2.29831e-05  
583   2.28035e-05  
584   2.26708e-05  
585   2.26147e-05  
586   2.25568e-05  
587   2.24319e-05  
588   2.23337e-05  
589   2.21487e-05  
590   2.20953e-05  
591   2.20776e-05  
592   2.19296e-05  
593   2.19094e-05  
594   2.18952e-05  
595   2.1829e-05  
596   2.17776e-05  
597   2.16218e-05  
598   2.13736e-05  
599   2.13151e-05  
600   2.1135e-05  
601   2.10962e-05  
602   2.10827e-05  
603   2.10564e-05  
604   2.09325e-05  
605   2.07163e-05  
606   2.06886e-05  
607   2.06376e-05  
608   2.06028e-05  
609   2.05238e-05  
610   2.04584e-05  
611   2.03145e-05  
612   2.02728e-05  
613   2.01322e-05  
614   2.00852e-05  
615   1.99254e-05  
616   1.98141e-05  
617   1.97742e-05  
618   1.97375e-05  
619   1.96777e-05  
620   1.96312e-05  
621   1.94191e-05  
622   1.94114e-05  
623   1.93606e-05  
624   1.92962e-05  
625   1.92539e-05  
626   1.91974e-05  
627   1.90288e-05  
628   1.89052e-05  
629   1.87345e-05  
630   1.86455e-05  
631   1.86136e-05  
632   1.85921e-05  
633   1.84471e-05  
634   1.84335e-05  
635   1.83976e-05  
636   1.83866e-05  
637   1.82774e-05  
638   1.82601e-05  
639   1.81592e-05  
640   1.81091e-05  
641   1.7995e-05  
642   1.79876e-05  
643   1.78513e-05  
644   1.77603e-05  
645   1.75086e-05  
646   1.74755e-05  
647   1.73111e-05  
648   1.7258e-05  
649   1.724e-05  
650   1.72207e-05  
651   1.72034e-05  
652   1.71722e-05  
653   1.71262e-05  
654   1.70821e-05  
655   1.69949e-05  
656   1.69602e-05  
657   1.69318e-05  
658   1.68364e-05  
659   1.67418e-05  
660   1.66653e-05  
661   1.64239e-05  
662   1.63891e-05  
663   1.62147e-05  
664   1.61819e-05  
665   1.61417e-05  
666   1.61373e-05  
667   1.60956e-05  
668   1.60143e-05  
669   1.59995e-05  
670   1.59723e-05  
671   1.59418e-05  
672   1.58683e-05  
673   1.58192e-05  
674   1.57768e-05  
675   1.5756e-05  
676   1.57403e-05  
677   1.56556e-05  
678   1.54367e-05  
679   1.53187e-05  
680   1.52709e-05  
681   1.52044e-05  
682   1.51795e-05  
683   1.50712e-05  
684   1.50532e-05  
685   1.50024e-05  
686   1.49637e-05  
687   1.49005e-05  
688   1.48441e-05  
689   1.48209e-05  
690   1.47871e-05  
691   1.47005e-05  
692   1.4685e-05  
693   1.46037e-05  
694   1.45959e-05  
695   1.45785e-05  
696   1.43891e-05  
697   1.43037e-05  
698   1.42895e-05  
699   1.428e-05  
700   1.4079e-05  
701   1.40676e-05  
702   1.40446e-05  
703   1.40386e-05  
704   1.40207e-05  
705   1.3933e-05  
706   1.38133e-05  
707   1.37765e-05  
708   1.3693e-05  
709   1.36683e-05  
710   1.36643e-05  
711   1.35563e-05  
712   1.35525e-05  
713   1.35275e-05  
714   1.34842e-05  
715   1.34248e-05  
716   1.33021e-05  
717   1.32369e-05  
718   1.31762e-05  
719   1.31486e-05  
720   1.31449e-05  
721   1.30654e-05  
722   1.30647e-05  
723   1.30055e-05  
724   1.28283e-05  
725   1.27746e-05  
726   1.27739e-05  
727   1.27552e-05  
728   1.26793e-05  
729   1.26474e-05  
730   1.26271e-05  
731   1.2595e-05  
732   1.25381e-05  
733   1.2449e-05  
734   1.24117e-05  
735   1.23428e-05  
736   1.23166e-05  
737   1.22512e-05  
738   1.22368e-05  
739   1.22215e-05  
740   1.21323e-05  
741   1.20624e-05  
742   1.20272e-05  
743   1.20121e-05  
744   1.19731e-05  
745   1.19217e-05  
746   1.18772e-05  
747   1.18258e-05  
748   1.17465e-05  
749   1.17079e-05  
750   1.16802e-05  
751   1.16318e-05  
752   1.16089e-05  
753   1.15718e-05  
754   1.15205e-05  
755   1.14664e-05  
756   1.13902e-05  
757   1.13736e-05  
758   1.13224e-05  
759   1.13156e-05  
760   1.12562e-05  
761   1.11997e-05  
762   1.11796e-05  
763   1.11301e-05  
764   1.10773e-05  
765   1.10602e-05  
766   1.09964e-05  
767   1.09243e-05  
768   1.08933e-05  
769   1.08324e-05  
770   1.08131e-05  
771   1.07952e-05  
772   1.07257e-05  
773   1.07214e-05  
774   1.06614e-05  
775   1.0612e-05  
776   1.05413e-05  
777   1.05312e-05  
778   1.04944e-05  
779   1.04943e-05  
780   1.04352e-05  
781   1.04135e-05  
782   1.04092e-05  
783   1.03232e-05  
784   1.02671e-05  
785   1.02062e-05  
786   1.02038e-05  
787   1.01438e-05  
788   1.00744e-05  
789   1.00341e-05  
