0   0.00341154  
1   0.00339305  
2   0.00337466  
3   0.00335637  
4   0.00333818  
5   0.00332008  
6   0.00330209  
7   0.00328419  
8   0.00326639  
9   0.00324869  
10   0.00323108  
11   0.00321357  
12   0.00319615  
13   0.00317882  
14   0.00316159  
15   0.00314446  
16   0.00312741  
17   0.00311046  
18   0.0030936  
19   0.00307683  
20   0.00306015  
21   0.00304357  
22   0.00302707  
23   0.00301066  
24   0.00299434  
25   0.00297811  
26   0.00296196  
27   0.00294591  
28   0.00292994  
29   0.00291406  
30   0.00289826  
31   0.00288255  
32   0.00286692  
33   0.00285138  
34   0.00283592  
35   0.00282055  
36   0.00280526  
37   0.00279005  
38   0.00277492  
39   0.00275988  
40   0.00274492  
41   0.00273004  
42   0.00271524  
43   0.00270052  
44   0.00268588  
45   0.00267131  
46   0.00265683  
47   0.00264243  
48   0.0026281  
49   0.00261385  
50   0.00259968  
51   0.00258559  
52   0.00257157  
53   0.00255763  
54   0.00254376  
55   0.00252997  
56   0.00251625  
57   0.00250261  
58   0.00248904  
59   0.00247554  
60   0.00246212  
61   0.00244877  
62   0.0024355  
63   0.00242229  
64   0.00240916  
65   0.00239609  
66   0.0023831  
67   0.00237018  
68   0.00235733  
69   0.00234455  
70   0.00233184  
71   0.00231919  
72   0.00230662  
73   0.00229411  
74   0.00228167  
75   0.0022693  
76   0.00225699  
77   0.00224476  
78   0.00223258  
79   0.00222048  
80   0.00220844  
81   0.00219646  
82   0.00218455  
83   0.00217271  
84   0.00216092  
85   0.00214921  
86   0.00213755  
87   0.00212596  
88   0.00211443  
89   0.00210297  
90   0.00209156  
91   0.00208022  
92   0.00206894  
93   0.00205772  
94   0.00204656  
95   0.00203547  
96   0.00202443  
97   0.00201345  
98   0.00200253  
99   0.00199167  
100   0.00198087  
101   0.00197013  
102   0.00195945  
103   0.00194882  
104   0.00193825  
105   0.00192774  
106   0.00191729  
107   0.00190689  
108   0.00189655  
109   0.00188626  
110   0.00187604  
111   0.00186586  
112   0.00185574  
113   0.00184568  
114   0.00183567  
115   0.00182572  
116   0.00181581  
117   0.00180597  
118   0.00179617  
119   0.00178643  
120   0.00177674  
121   0.00176711  
122   0.00175753  
123   0.00174799  
124   0.00173851  
125   0.00172909  
126   0.00171971  
127   0.00171038  
128   0.00170111  
129   0.00169188  
130   0.00168271  
131   0.00167358  
132   0.0016645  
133   0.00165548  
134   0.0016465  
135   0.00163757  
136   0.00162869  
137   0.00161986  
138   0.00161107  
139   0.00160233  
140   0.00159364  
141   0.001585  
142   0.00157641  
143   0.00156786  
144   0.00155935  
145   0.0015509  
146   0.00154249  
147   0.00153412  
148   0.0015258  
149   0.00151753  
150   0.0015093  
151   0.00150111  
152   0.00149297  
153   0.00148487  
154   0.00147682  
155   0.00146881  
156   0.00146084  
157   0.00145292  
158   0.00144504  
159   0.00143721  
160   0.00142941  
161   0.00142166  
162   0.00141395  
163   0.00140628  
164   0.00139865  
165   0.00139107  
166   0.00138352  
167   0.00137602  
168   0.00136856  
169   0.00136114  
170   0.00135375  
171   0.00134641  
172   0.00133911  
173   0.00133185  
174   0.00132463  
175   0.00131744  
176   0.0013103  
177   0.00130319  
178   0.00129612  
179   0.00128909  
180   0.0012821  
181   0.00127515  
182   0.00126823  
183   0.00126136  
184   0.00125452  
185   0.00124771  
186   0.00124095  
187   0.00123422  
188   0.00122752  
189   0.00122087  
190   0.00121424  
191   0.00120766  
192   0.00120111  
193   0.0011946  
194   0.00118812  
195   0.00118167  
196   0.00117527  
197   0.00116889  
198   0.00116255  
199   0.00115625  
200   0.00114998  
201   0.00114374  
202   0.00113754  
203   0.00113152  
204   0.00113137  
205   0.00112527  
206   0.00112524  
207   0.00111913  
208   0.00111906  
209   0.00111306  
210   0.00111289  
211   0.00110703  
212   0.00110674  
213   0.00110102  
214   0.00110063  
215   0.00109505  
216   0.00109456  
217   0.00108912  
218   0.00108852  
219   0.00108321  
220   0.00108251  
221   0.00107734  
222   0.00107653  
223   0.00107149  
224   0.00107059  
225   0.00106568  
226   0.00106468  
227   0.0010599  
228   0.00105881  
229   0.00105416  
230   0.00105296  
231   0.00104844  
232   0.00104715  
233   0.00104275  
234   0.00104137  
235   0.0010371  
236   0.00103563  
237   0.00103148  
238   0.00102991  
239   0.00102588  
240   0.00102423  
241   0.00102032  
242   0.00101857  
243   0.00101479  
244   0.00101295  
245   0.00100928  
246   0.00100736  
247   0.00100381  
248   0.0010018  
249   0.000998367  
250   0.000996275  
251   0.000992953  
252   0.000990777  
253   0.000987569  
254   0.000985309  
255   0.000982213  
256   0.000979872  
257   0.000976887  
258   0.000974465  
259   0.00097159  
260   0.000969088  
261   0.000966322  
262   0.00096374  
263   0.000961082  
264   0.000958422  
265   0.00095587  
266   0.000953134  
267   0.000950687  
268   0.000947874  
269   0.000945532  
270   0.000942644  
271   0.000940405  
272   0.000937443  
273   0.000935306  
274   0.000932271  
275   0.000930234  
276   0.000927127  
277   0.00092519  
278   0.000922011  
279   0.000920173  
280   0.000916924  
281   0.000915184  
282   0.000911865  
283   0.000910222  
284   0.000906834  
285   0.000905286  
286   0.000901831  
287   0.000900377  
288   0.000896855  
289   0.000895495  
290   0.000891907  
291   0.00089064  
292   0.000886987  
293   0.000885811  
294   0.000882093  
295   0.000881008  
296   0.000877227  
297   0.000876231  
298   0.000872387  
299   0.00087148  
300   0.000867575  
301   0.000866755  
302   0.000862789  
303   0.000862055  
304   0.000858029  
305   0.000857381  
306   0.000853296  
307   0.000852732  
308   0.000848588  
309   0.000848109  
310   0.000843907  
311   0.000843511  
312   0.000839252  
313   0.000838937  
314   0.000834623  
315   0.000834389  
316   0.000830019  
317   0.000829865  
318   0.00082544  
319   0.000825365  
320   0.000820891  
321   0.000820887  
322   0.00081644  
323   0.000816359  
324   0.000812013  
325   0.000811857  
326   0.000807611  
327   0.000807379  
328   0.000803232  
329   0.000802925  
330   0.000798878  
331   0.000798497  
332   0.000794546  
333   0.000794093  
334   0.000790239  
335   0.000789713  
336   0.000785954  
337   0.000785357  
338   0.000781693  
339   0.000781026  
340   0.000777456  
341   0.000776719  
342   0.000773241  
343   0.000772435  
344   0.000769049  
345   0.000768175  
346   0.000764879  
347   0.000763939  
348   0.000760733  
349   0.000759726  
350   0.000756609  
351   0.000755536  
352   0.000752507  
353   0.000751369  
354   0.000748427  
355   0.000747226  
356   0.00074437  
357   0.000743105  
358   0.000740335  
359   0.000739008  
360   0.000736321  
361   0.000734933  
362   0.00073233  
363   0.00073088  
364   0.00072836  
365   0.00072685  
366   0.000724411  
367   0.000722842  
368   0.000720484  
369   0.000718856  
370   0.000716579  
371   0.000714892  
372   0.000712694  
373   0.000710951  
374   0.000708831  
375   0.000707031  
376   0.000704988  
377   0.000703132  
378   0.000701167  
379   0.000699256  
380   0.000697366  
381   0.0006954  
382   0.000693586  
383   0.000691566  
384   0.000689826  
385   0.000687753  
386   0.000686087  
387   0.000683962  
388   0.000682368  
389   0.000680191  
390   0.000678669  
391   0.000676441  
392   0.00067499  
393   0.000672712  
394   0.000671331  
395   0.000669003  
396   0.000667692  
397   0.000665315  
398   0.000664073  
399   0.000661648  
400   0.000660474  
401   0.000658  
402   0.000656894  
403   0.000654373  
404   0.000653333  
405   0.000650766  
406   0.000649792  
407   0.000647179  
408   0.00064627  
409   0.000643611  
410   0.000642767  
411   0.000640064  
412   0.000639284  
413   0.000636536  
414   0.000635819  
415   0.000633027  
416   0.000632372  
417   0.000629538  
418   0.000628945  
419   0.000626068  
420   0.000625536  
421   0.000622617  
422   0.000622146  
423   0.000619186  
424   0.000618774  
425   0.000615773  
426   0.00061542  
427   0.000612379  
428   0.000612085  
429   0.000609004  
430   0.000608768  
431   0.000605648  
432   0.000605468  
433   0.00060231  
434   0.000602187  
435   0.000598991  
436   0.000598923  
437   0.00059569  
438   0.000595678  
439   0.000592449  
440   0.000592407  
441   0.000589239  
442   0.000589142  
443   0.000586045  
444   0.000585896  
445   0.000582869  
446   0.000582667  
447   0.000579711  
448   0.000579457  
449   0.000576569  
450   0.000576264  
451   0.000573444  
452   0.000573088  
453   0.000570337  
454   0.00056993  
455   0.000567246  
456   0.00056679  
457   0.000564172  
458   0.000563667  
459   0.000561115  
460   0.000560561  
461   0.000558074  
462   0.000557473  
463   0.00055505  
464   0.000554401  
465   0.000552042  
466   0.000551347  
467   0.000549051  
468   0.000548309  
469   0.000546076  
470   0.000545288  
471   0.000543117  
472   0.000542284  
473   0.000540174  
474   0.000539296  
475   0.000537247  
476   0.000536325  
477   0.000534336  
478   0.000533371  
479   0.000531441  
480   0.000530433  
481   0.000528561  
482   0.00052751  
483   0.000525697  
484   0.000524605  
485   0.000522849  
486   0.000521715  
487   0.000520016  
488   0.000518841  
489   0.000517198  
490   0.000515983  
491   0.000514396  
492   0.00051314  
493   0.000511609  
494   0.000510314  
495   0.000508837  
496   0.000507503  
497   0.00050608  
498   0.000504708  
499   0.000503338  
500   0.000501928  
501   0.000500611  
502   0.000499163  
503   0.000497899  
504   0.000496414  
505   0.000495202  
506   0.00049368  
507   0.000492519  
508   0.000490961  
509   0.00048985  
510   0.000488257  
511   0.000487197  
512   0.000485568  
513   0.000484557  
514   0.000482893  
515   0.000481932  
516   0.000480234  
517   0.000479321  
518   0.000477589  
519   0.000476725  
520   0.000474959  
521   0.000474142  
522   0.000472344  
523   0.000471573  
524   0.000469742  
525   0.000469019  
526   0.000467156  
527   0.000466478  
528   0.000464583  
529   0.000463951  
530   0.000462025  
531   0.000461438  
532   0.000459481  
533   0.000458938  
534   0.000456951  
535   0.000456452  
536   0.000454434  
537   0.00045398  
538   0.000451932  
539   0.000451521  
540   0.000449444  
541   0.000449075  
542   0.000446969  
543   0.000446642  
544   0.000444508  
545   0.000444223  
546   0.000442061  
547   0.000441817  
548   0.000439627  
549   0.000439424  
550   0.000437207  
551   0.000437044  
552   0.0004348  
553   0.000434677  
554   0.000432406  
555   0.000432322  
556   0.000430025  
557   0.000429981  
558   0.000427658  
559   0.000427652  
560   0.000425336  
561   0.000425304  
562   0.000423032  
563   0.000422963  
564   0.000420741  
565   0.000420634  
566   0.000418462  
567   0.000418319  
568   0.000416196  
569   0.000416016  
570   0.000413942  
571   0.000413726  
572   0.0004117  
573   0.000411449  
574   0.00040947  
575   0.000409184  
576   0.000407253  
577   0.000406932  
578   0.000405047  
579   0.000404692  
580   0.000402854  
581   0.000402465  
582   0.000400672  
583   0.000400249  
584   0.000398502  
585   0.000398047  
586   0.000396345  
587   0.000396331  
588   0.000395856  
589   0.00039422  
590   0.000394198  
591   0.000393677  
592   0.000392121  
593   0.000392064  
594   0.000391511  
595   0.000390033  
596   0.000389941  
597   0.000389356  
598   0.000387955  
599   0.000387829  
600   0.000387213  
601   0.000385889  
602   0.000385729  
603   0.000385082  
604   0.000383834  
605   0.00038364  
606   0.000382963  
607   0.00038179  
608   0.000381563  
609   0.000380856  
610   0.000379757  
611   0.000379497  
612   0.00037876  
613   0.000377735  
614   0.000377442  
615   0.000376676  
616   0.000375724  
617   0.000375399  
618   0.000374603  
619   0.000373723  
620   0.000373366  
621   0.000372542  
622   0.000371733  
623   0.000371344  
624   0.000370492  
625   0.000369754  
626   0.000369334  
627   0.000368454  
628   0.000367785  
629   0.000367334  
630   0.000366426  
631   0.000365827  
632   0.000365345  
633   0.00036441  
634   0.000363879  
635   0.000363367  
636   0.000362405  
637   0.000361942  
638   0.0003614  
639   0.000360411  
640   0.000360015  
641   0.000359443  
642   0.000358429  
643   0.000358098  
644   0.000357497  
645   0.000356457  
646   0.000356192  
647   0.000355562  
648   0.000354496  
649   0.000354296  
650   0.000353637  
651   0.000352545  
652   0.00035241  
653   0.000351723  
654   0.000350606  
655   0.000350534  
656   0.000349818  
657   0.000348677  
658   0.000348668  
659   0.000347925  
660   0.000346812  
661   0.000346759  
662   0.000346041  
663   0.000344966  
664   0.000344852  
665   0.000344168  
666   0.000343129  
667   0.000342955  
668   0.000342305  
669   0.000341303  
670   0.000341068  
671   0.000340452  
672   0.000339486  
673   0.000339192  
674   0.000338609  
675   0.000337679  
676   0.000337327  
677   0.000336776  
678   0.000335882  
679   0.000335471  
680   0.000334953  
681   0.000334094  
682   0.000333626  
683   0.00033314  
684   0.000332316  
685   0.000331791  
686   0.000331337  
687   0.000330548  
688   0.000329966  
689   0.000329543  
690   0.000328789  
691   0.000328151  
692   0.000327759  
693   0.000327039  
694   0.000326346  
695   0.000325985  
696   0.000325298  
697   0.000324552  
698   0.000324221  
699   0.000323567  
700   0.000322767  
701   0.000322466  
702   0.000321845  
703   0.000320992  
704   0.000320721  
705   0.000320133  
706   0.000319226  
707   0.000318985  
708   0.000318429  
709   0.000317471  
710   0.000317258  
711   0.000316735  
712   0.000315725  
713   0.000315541  
714   0.00031505  
715   0.000313989  
716   0.000313834  
717   0.000313373  
718   0.000312262  
719   0.000312135  
720   0.000311706  
721   0.000310545  
722   0.000310446  
723   0.000310048  
724   0.000308838  
725   0.000308766  
726   0.000308398  
727   0.000307139  
728   0.000307095  
729   0.000306757  
730   0.000305451  
731   0.000305433  
732   0.000305125  
733   0.00030378  
734   0.000303771  
735   0.000303502  
736   0.000302136  
737   0.000302101  
738   0.000301887  
739   0.000300501  
740   0.00030044  
741   0.000300281  
742   0.000298875  
743   0.000298788  
744   0.000298684  
745   0.000297257  
746   0.000297145  
747   0.000297095  
748   0.000295649  
749   0.000295515  
750   0.000295512  
751   0.000294049  
752   0.000293943  
753   0.000293887  
754   0.000292458  
755   0.000292379  
756   0.000292271  
757   0.000290875  
758   0.000290824  
759   0.000290664  
760   0.000289301  
761   0.000289277  
762   0.000289067  
763   0.000287739  
764   0.000287736  
765   0.000287477  
766   0.000286208  
767   0.000286179  
768   0.000285897  
769   0.000284686  
770   0.00028463  
771   0.000284326  
772   0.000283172  
773   0.00028309  
774   0.000282763  
775   0.000281666  
776   0.000281558  
777   0.000281208  
778   0.000280168  
779   0.000280035  
780   0.000279663  
781   0.000278679  
782   0.00027852  
783   0.000278125  
784   0.000277197  
785   0.000277013  
786   0.000276597  
787   0.000275723  
788   0.000275514  
789   0.000275076  
790   0.000274257  
791   0.000274024  
792   0.000273564  
793   0.000272798  
794   0.000272541  
795   0.000272061  
796   0.000271348  
797   0.000271066  
798   0.000270566  
799   0.000269905  
800   0.0002696  
801   0.000269079  
802   0.00026847  
803   0.000268141  
804   0.0002676  
805   0.000267043  
806   0.000266691  
807   0.000266129  
808   0.000265623  
809   0.000265248  
810   0.000264667  
811   0.000264211  
812   0.000263813  
813   0.000263212  
814   0.000262806  
815   0.000262386  
816   0.000261766  
817   0.000261409  
818   0.000260966  
819   0.000260327  
820   0.00026002  
821   0.000259555  
822   0.000258897  
823   0.000258637  
824   0.000258151  
825   0.000257474  
826   0.000257263  
827   0.000256754  
828   0.000256059  
829   0.000255895  
830   0.000255365  
831   0.000254652  
832   0.000254535  
833   0.000253984  
834   0.000253253  
835   0.000253182  
836   0.00025261  
837   0.000251861  
838   0.000251836  
839   0.000251244  
840   0.000250498  
841   0.000250478  
842   0.000249885  
843   0.000249167  
844   0.000249101  
845   0.000248533  
846   0.000247842  
847   0.000247733  
848   0.000247189  
849   0.000246525  
850   0.000246372  
851   0.000245852  
852   0.000245215  
853   0.000245018  
854   0.000244522  
855   0.000243912  
856   0.000243672  
857   0.000243199  
858   0.000242616  
859   0.000242333  
860   0.000241884  
861   0.000241327  
862   0.000241002  
863   0.000240576  
864   0.000240045  
865   0.000239678  
866   0.000239275  
867   0.000238769  
868   0.000238361  
869   0.00023798  
870   0.000237501  
871   0.000237052  
872   0.000236693  
873   0.000236239  
874   0.00023575  
875   0.000235413  
876   0.000234984  
877   0.000234455  
878   0.00023414  
879   0.000233735  
880   0.000233167  
881   0.000232874  
882   0.000232493  
883   0.000231886  
884   0.000231615  
885   0.000231258  
886   0.000230613  
887   0.000230362  
888   0.00023003  
889   0.000229346  
890   0.000229116  
891   0.000228808  
892   0.000228086  
893   0.000227877  
894   0.000227593  
895   0.000226834  
896   0.000226645  
897   0.000226384  
898   0.000225588  
899   0.000225419  
900   0.000225181  
901   0.000224349  
902   0.0002242  
903   0.000223985  
904   0.000223117  
905   0.000222988  
906   0.000222796  
907   0.000221892  
908   0.000221782  
909   0.000221612  
910   0.000220673  
911   0.000220583  
912   0.000220435  
913   0.000219461  
914   0.000219391  
915   0.000219265  
916   0.000218256  
917   0.000218204  
918   0.0002181  
919   0.000217058  
920   0.000217025  
921   0.000216942  
922   0.000215866  
923   0.000215851  
924   0.00021579  
925   0.000214684  
926   0.00021468  
927   0.000214644  
928   0.000213523  
929   0.000213504  
930   0.000213502  
931   0.000212371  
932   0.000212369  
933   0.000212329  
934   0.000211243  
935   0.000211221  
936   0.000211163  
937   0.000210122  
938   0.000210079  
939   0.000210004  
940   0.000209006  
941   0.000208943  
942   0.000208851  
943   0.000207896  
944   0.000207814  
945   0.000207704  
946   0.000206793  
947   0.00020669  
948   0.000206564  
949   0.000205695  
950   0.000205573  
951   0.00020543  
952   0.000204603  
953   0.000204462  
954   0.000204302  
955   0.000203517  
956   0.000203356  
957   0.000203181  
958   0.000202437  
959   0.000202257  
960   0.000202065  
961   0.000201362  
962   0.000201164  
963   0.000200956  
964   0.000200293  
965   0.000200076  
966   0.000199853  
967   0.00019923  
968   0.000198995  
969   0.000198756  
970   0.000198173  
971   0.000197919  
972   0.000197665  
973   0.000197121  
974   0.00019685  
975   0.00019658  
976   0.000196075  
977   0.000195786  
978   0.000195501  
979   0.000195034  
980   0.000194728  
981   0.000194428  
982   0.000193999  
983   0.000193675  
984   0.000193361  
985   0.00019297  
986   0.000192628  
987   0.000192299  
988   0.000191946  
989   0.000191587  
990   0.000191244  
991   0.000190928  
992   0.000190552  
993   0.000190194  
994   0.000189914  
995   0.000189522  
996   0.000189151  
997   0.000188907  
998   0.000188498  
999   0.000188112  
1000   0.000187904  
1001   0.000187479  
1002   0.00018708  
1003   0.000186908  
1004   0.000186466  
1005   0.000186053  
1006   0.000185916  
1007   0.000185458  
1008   0.000185032  
1009   0.00018493  
1010   0.000184456  
1011   0.000184017  
1012   0.000183949  
1013   0.000183459  
1014   0.000183007  
1015   0.000182973  
1016   0.000182468  
1017   0.000182003  
1018   0.000182002  
1019   0.000181482  
1020   0.000181037  
1021   0.000181004  
1022   0.000180501  
1023   0.000180076  
1024   0.000180011  
1025   0.000179526  
1026   0.000179121  
1027   0.000179023  
1028   0.000178556  
1029   0.000178171  
1030   0.000178041  
1031   0.000177591  
1032   0.000177226  
1033   0.000177064  
1034   0.000176631  
1035   0.000176286  
1036   0.000176093  
1037   0.000175677  
1038   0.000175351  
1039   0.000175126  
1040   0.000174728  
1041   0.000174421  
1042   0.000174166  
1043   0.000173784  
1044   0.000173497  
1045   0.00017321  
1046   0.000172845  
1047   0.000172576  
1048   0.00017226  
1049   0.000171911  
1050   0.000171661  
1051   0.000171315  
1052   0.000170982  
1053   0.000170751  
1054   0.000170375  
1055   0.000170058  
1056   0.000169846  
1057   0.00016944  
1058   0.000169139  
1059   0.000168945  
1060   0.000168511  
1061   0.000168435  
1062   0.000168226  
1063   0.000168049  
1064   0.000167586  
1065   0.000167584  
1066   0.000167317  
1067   0.000167158  
1068   0.000166736  
1069   0.000166667  
1070   0.000166413  
1071   0.000166272  
1072   0.000165894  
1073   0.000165753  
1074   0.000165514  
1075   0.000165391  
1076   0.000165055  
1077   0.000164844  
1078   0.00016462  
1079   0.000164514  
1080   0.000164221  
1081   0.00016394  
1082   0.00016373  
1083   0.000163642  
1084   0.00016339  
1085   0.00016304  
1086   0.000162846  
1087   0.000162774  
1088   0.000162565  
1089   0.000162146  
1090   0.000161966  
1091   0.000161912  
1092   0.000161743  
1093   0.000161257  
1094   0.000161091  
1095   0.000161053  
1096   0.000160925  
1097   0.000160372  
1098   0.000160221  
1099   0.0001602  
1100   0.000160112  
1101   0.000159493  
1102   0.000159355  
1103   0.000159351  
1104   0.000159303  
1105   0.000158618  
1106   0.000158506  
1107   0.000158498  
1108   0.000158495  
1109   0.000157748  
1110   0.000157697  
1111   0.000157666  
1112   0.000157638  
1113   0.0001569  
1114   0.000156883  
1115   0.000156831  
1116   0.000156787  
1117   0.000156107  
1118   0.000156023  
1119   0.000155999  
1120   0.00015594  
1121   0.000155318  
1122   0.000155173  
1123   0.000155167  
1124   0.000155098  
1125   0.000154533  
1126   0.00015435  
1127   0.000154316  
1128   0.00015426  
1129   0.000153752  
1130   0.000153533  
1131   0.00015347  
1132   0.000153427  
1133   0.000152975  
1134   0.000152719  
1135   0.000152628  
1136   0.000152598  
1137   0.000152202  
1138   0.00015191  
1139   0.000151791  
1140   0.000151774  
1141   0.000151433  
1142   0.000151105  
1143   0.000150959  
1144   0.000150954  
1145   0.000150668  
1146   0.000150304  
1147   0.000150139  
1148   0.000150131  
1149   0.000149906  
1150   0.000149508  
1151   0.000149328  
1152   0.000149308  
1153   0.000149149  
1154   0.000148716  
1155   0.000148521  
1156   0.00014849  
1157   0.000148395  
1158   0.000147928  
1159   0.000147719  
1160   0.000147676  
1161   0.000147646  
1162   0.000147145  
1163   0.000146921  
1164   0.0001469  
1165   0.000146866  
1166   0.000146365  
1167   0.000146157  
1168   0.000146128  
1169   0.000146061  
1170   0.00014559  
1171   0.000145419  
1172   0.000145339  
1173   0.00014526  
1174   0.000144819  
1175   0.000144684  
1176   0.000144554  
1177   0.000144464  
1178   0.000144052  
1179   0.000143953  
1180   0.000143773  
1181   0.000143672  
1182   0.000143289  
1183   0.000143226  
1184   0.000142997  
1185   0.000142884  
1186   0.00014253  
1187   0.000142503  
1188   0.000142225  
1189   0.000142101  
1190   0.000141783  
1191   0.000141775  
1192   0.000141457  
1193   0.000141322  
1194   0.000141067  
1195   0.000141024  
1196   0.000140693  
1197   0.000140547  
1198   0.000140354  
1199   0.000140277  
1200   0.000139933  
1201   0.000139777  
1202   0.000139645  
1203   0.000139535  
1204   0.000139177  
1205   0.00013901  
1206   0.00013894  
1207   0.000138796  
1208   0.000138426  
1209   0.000138249  
1210   0.000138238  
1211   0.000138061  
1212   0.000137678  
1213   0.00013754  
1214   0.000137491  
1215   0.00013733  
1216   0.000136935  
1217   0.000136845  
1218   0.000136737  
1219   0.000136603  
1220   0.000136195  
1221   0.000136154  
1222   0.000135988  
1223   0.000135879  
1224   0.000135466  
1225   0.00013546  
1226   0.000135242  
1227   0.00013516  
1228   0.000134782  
1229   0.000134729  
1230   0.000134501  
1231   0.000134445  
1232   0.000134101  
1233   0.000134001  
1234   0.000133764  
1235   0.000133733  
1236   0.000133424  
1237   0.000133278  
1238   0.000133031  
1239   0.000133025  
1240   0.00013275  
1241   0.000132558  
1242   0.000132321  
1243   0.000132302  
1244   0.00013208  
1245   0.000131842  
1246   0.00013162  
1247   0.000131577  
1248   0.000131413  
1249   0.000131131  
1250   0.000130924  
1251   0.000130856  
1252   0.000130749  
1253   0.000130423  
1254   0.000130231  
1255   0.000130139  
1256   0.000130089  
1257   0.000129718  
1258   0.000129541  
1259   0.000129432  
1260   0.000129426  
1261   0.000129018  
1262   0.000128856  
1263   0.000128779  
1264   0.000128717  
1265   0.000128322  
1266   0.000128174  
1267   0.000128128  
1268   0.000128011  
1269   0.000127629  
1270   0.000127496  
1271   0.000127482  
1272   0.00012731  
1273   0.00012694  
1274   0.000126838  
1275   0.000126821  
1276   0.000126612  
1277   0.000126255  
1278   0.000126198  
1279   0.00012615  
1280   0.000125919  
1281   0.000125573  
1282   0.00012556  
1283   0.000125482  
1284   0.000125229  
1285   0.000124927  
1286   0.000124895  
1287   0.000124818  
1288   0.000124542  
1289   0.000124296  
1290   0.000124221  
1291   0.000124158  
1292   0.00012386  
1293   0.000123669  
1294   0.00012355  
1295   0.000123501  
1296   0.000123182  
1297   0.000123044  
1298   0.000122883  
1299   0.000122848  
1300   0.000122507  
1301   0.000122423  
1302   0.00012222  
1303   0.000122198  
1304   0.000121835  
1305   0.000121805  
1306   0.00012156  
1307   0.000121551  
1308   0.00012119  
1309   0.000121168  
1310   0.000120908  
1311   0.000120904  
1312   0.000120579  
1313   0.000120504  
1314   0.000120269  
1315   0.000120252  
1316   0.00011997  
1317   0.000119844  
1318   0.000119632  
1319   0.000119602  
1320   0.000119365  
1321   0.000119187  
1322   0.000119  
1323   0.000118957  
1324   0.000118762  
1325   0.000118535  
1326   0.00011837  
1327   0.000118315  
1328   0.000118163  
1329   0.000117885  
1330   0.000117744  
1331   0.000117676  
1332   0.000117567  
1333   0.000117239  
1334   0.000117121  
1335   0.000117041  
1336   0.000116973  
1337   0.000116597  
1338   0.000116502  
1339   0.000116409  
1340   0.000116383  
1341   0.000115958  
1342   0.000115886  
1343   0.000115796  
1344   0.000115781  
1345   0.000115323  
1346   0.000115273  
1347   0.000115212  
1348   0.000115156  
1349   0.000114691  
1350   0.000114663  
1351   0.00011463  
1352   0.000114535  
1353   0.000114063  
1354   0.000114057  
1355   0.000114052  
1356   0.000113917  
1357   0.000113476  
1358   0.000113454  
1359   0.000113438  
1360   0.000113302  
1361   0.000112904  
1362   0.000112854  
1363   0.000112817  
1364   0.00011269  
1365   0.000112334  
1366   0.000112257  
1367   0.000112199  
1368   0.000112082  
1369   0.000111768  
1370   0.000111663  
1371   0.000111584  
1372   0.000111477  
1373   0.000111204  
1374   0.000111073  
1375   0.000110973  
1376   0.000110876  
1377   0.000110643  
1378   0.000110486  
1379   0.000110365  
1380   0.000110277  
1381   0.000110085  
1382   0.000109902  
1383   0.000109761  
1384   0.000109682  
1385   0.000109529  
1386   0.000109321  
1387   0.00010916  
1388   0.00010909  
1389   0.000108977  
1390   0.000108743  
1391   0.000108562  
1392   0.000108502  
1393   0.000108427  
1394   0.000108168  
1395   0.000107967  
1396   0.000107916  
1397   0.00010788  
1398   0.000107596  
1399   0.000107376  
1400   0.000107336  
1401   0.000107334  
1402   0.000107027  
1403   0.000106795  
1404   0.000106788  
1405   0.000106755  
1406   0.000106462  
1407   0.000106256  
1408   0.000106203  
1409   0.000106179  
1410   0.000105899  
1411   0.00010572  
1412   0.000105621  
1413   0.000105606  
1414   0.000105339  
1415   0.000105187  
1416   0.000105043  
1417   0.000105036  
1418   0.000104782  
1419   0.000104657  
1420   0.000104469  
1421   0.000104468  
1422   0.000104229  
1423   0.000104129  
1424   0.000103906  
1425   0.000103896  
1426   0.000103678  
1427   0.000103604  
1428   0.000103345  
1429   0.000103327  
1430   0.00010313  
1431   0.000103082  
1432   0.000102788  
1433   0.000102761  
1434   0.000102585  
1435   0.000102562  
1436   0.000102233  
1437   0.000102198  
1438   0.000102045  
1439   0.000102043  
1440   0.000101682  
1441   0.000101639  
1442   0.00010153  
1443   0.000101504  
1444   0.000101133  
1445   0.000101082  
1446   0.000101018  
1447   0.000100967  
1448   0.000100587  
1449   0.000100529  
1450   0.000100509  
1451   0.000100434  
1452   0.000100045  
1453   0.000100003  
1454   9.99785e-05  
1455   9.99031e-05  
1456   9.95052e-05  
1457   9.94984e-05  
1458   9.94311e-05  
1459   9.93753e-05  
1460   9.89968e-05  
1461   9.89684e-05  
1462   9.88868e-05  
1463   9.88502e-05  
1464   9.84978e-05  
1465   9.84346e-05  
1466   9.83454e-05  
1467   9.8328e-05  
1468   9.80013e-05  
1469   9.79036e-05  
1470   9.78086e-05  
1471   9.7807e-05  
1472   9.75074e-05  
1473   9.73755e-05  
1474   9.72919e-05  
1475   9.72715e-05  
1476   9.70159e-05  
1477   9.68503e-05  
1478   9.6778e-05  
1479   9.67391e-05  
1480   9.6527e-05  
1481   9.6328e-05  
1482   9.62668e-05  
1483   9.62095e-05  
1484   9.60405e-05  
1485   9.58084e-05  
1486   9.57583e-05  
1487   9.56828e-05  
1488   9.55565e-05  
1489   9.52917e-05  
1490   9.52526e-05  
1491   9.5159e-05  
1492   9.50749e-05  
1493   9.47778e-05  
1494   9.47495e-05  
1495   9.46381e-05  
1496   9.45958e-05  
1497   9.42666e-05  
1498   9.42491e-05  
1499   9.41201e-05  
1500   9.41191e-05  
1501   9.37582e-05  
1502   9.37514e-05  
1503   9.36448e-05  
1504   9.36049e-05  
1505   9.32563e-05  
1506   9.32526e-05  
1507   9.3173e-05  
1508   9.30926e-05  
1509   9.27639e-05  
1510   9.27497e-05  
1511   9.27035e-05  
1512   9.2583e-05  
1513   9.2274e-05  
1514   9.22495e-05  
1515   9.22364e-05  
1516   9.20763e-05  
1517   9.17868e-05  
1518   9.17717e-05  
1519   9.1752e-05  
1520   9.15723e-05  
1521   9.13094e-05  
1522   9.13022e-05  
1523   9.12572e-05  
1524   9.10712e-05  
1525   9.08493e-05  
1526   9.08201e-05  
1527   9.07652e-05  
1528   9.05727e-05  
1529   9.03917e-05  
1530   9.03406e-05  
1531   9.02757e-05  
1532   9.0077e-05  
1533   8.99363e-05  
1534   8.98637e-05  
1535   8.97889e-05  
1536   8.95841e-05  
1537   8.94833e-05  
1538   8.93893e-05  
1539   8.93048e-05  
1540   8.91109e-05  
1541   8.90938e-05  
1542   8.90326e-05  
1543   8.89174e-05  
1544   8.88233e-05  
1545   8.86776e-05  
1546   8.86062e-05  
1547   8.85841e-05  
1548   8.8448e-05  
1549   8.83444e-05  
1550   8.82466e-05  
1551   8.81379e-05  
1552   8.81213e-05  
1553   8.79811e-05  
1554   8.7868e-05  
1555   8.78177e-05  
1556   8.7694e-05  
1557   8.76391e-05  
1558   8.75167e-05  
1559   8.73943e-05  
1560   8.73908e-05  
1561   8.72523e-05  
1562   8.71595e-05  
1563   8.70547e-05  
1564   8.69661e-05  
1565   8.69231e-05  
1566   8.68129e-05  
1567   8.66826e-05  
1568   8.65952e-05  
1569   8.65435e-05  
1570   8.64544e-05  
1571   8.63757e-05  
1572   8.62082e-05  
1573   8.61381e-05  
1574   8.6123e-05  
1575   8.59883e-05  
1576   8.59408e-05  
1577   8.57365e-05  
1578   8.57045e-05  
1579   8.56835e-05  
1580   8.55247e-05  
1581   8.5508e-05  
1582   8.52881e-05  
1583   8.52674e-05  
1584   8.52313e-05  
1585   8.50774e-05  
1586   8.50637e-05  
1587   8.48737e-05  
1588   8.48009e-05  
1589   8.47815e-05  
1590   8.4649e-05  
1591   8.4605e-05  
1592   8.44614e-05  
1593   8.43369e-05  
1594   8.43341e-05  
1595   8.42228e-05  
1596   8.4149e-05  
1597   8.4051e-05  
1598   8.3889e-05  
1599   8.38754e-05  
1600   8.37987e-05  
1601   8.36954e-05  
1602   8.36427e-05  
1603   8.34463e-05  
1604   8.34165e-05  
1605   8.33768e-05  
1606   8.32442e-05  
1607   8.32364e-05  
1608   8.3006e-05  
1609   8.29602e-05  
1610   8.2957e-05  
1611   8.2832e-05  
1612   8.27954e-05  
1613   8.2568e-05  
1614   8.25393e-05  
1615   8.25063e-05  
1616   8.24296e-05  
1617   8.23492e-05  
1618   8.21323e-05  
1619   8.21238e-05  
1620   8.20549e-05  
1621   8.20292e-05  
1622   8.19053e-05  
1623   8.17103e-05  
1624   8.1699e-05  
1625   8.16308e-05  
1626   8.16061e-05  
1627   8.14637e-05  
1628   8.1299e-05  
1629   8.12679e-05  
1630   8.12343e-05  
1631   8.11596e-05  
1632   8.10247e-05  
1633   8.08897e-05  
1634   8.08397e-05  
1635   8.08392e-05  
1636   8.07157e-05  
1637   8.05879e-05  
1638   8.04825e-05  
1639   8.04471e-05  
1640   8.04127e-05  
1641   8.02741e-05  
1642   8.01535e-05  
1643   8.00773e-05  
1644   8.00564e-05  
1645   7.99885e-05  
1646   7.98351e-05  
1647   7.97216e-05  
1648   7.96743e-05  
1649   7.96676e-05  
1650   7.95666e-05  
1651   7.93984e-05  
1652   7.92918e-05  
1653   7.92807e-05  
1654   7.92732e-05  
1655   7.91468e-05  
1656   7.89641e-05  
1657   7.88957e-05  
1658   7.88742e-05  
1659   7.88645e-05  
1660   7.87294e-05  
1661   7.85322e-05  
1662   7.85126e-05  
1663   7.84772e-05  
1664   7.84394e-05  
1665   7.83141e-05  
1666   7.81313e-05  
1667   7.81028e-05  
1668   7.80823e-05  
1669   7.80167e-05  
1670   7.7901e-05  
1671   7.7752e-05  
1672   7.76893e-05  
1673   7.76756e-05  
1674   7.75962e-05  
1675   7.74901e-05  
1676   7.73744e-05  
1677   7.72983e-05  
1678   7.72509e-05  
1679   7.7178e-05  
1680   7.70814e-05  
1681   7.69987e-05  
1682   7.69093e-05  
1683   7.68283e-05  
1684   7.67621e-05  
1685   7.66749e-05  
1686   7.66249e-05  
1687   7.65223e-05  
1688   7.64083e-05  
1689   7.63485e-05  
1690   7.62705e-05  
1691   7.62528e-05  
1692   7.61373e-05  
1693   7.59904e-05  
1694   7.59369e-05  
1695   7.58826e-05  
1696   7.58683e-05  
1697   7.57542e-05  
1698   7.55749e-05  
1699   7.55278e-05  
1700   7.55142e-05  
1701   7.54682e-05  
1702   7.5373e-05  
1703   7.51617e-05  
1704   7.51476e-05  
1705   7.51208e-05  
1706   7.50703e-05  
1707   7.49938e-05  
1708   7.47828e-05  
1709   7.47507e-05  
1710   7.4716e-05  
1711   7.46745e-05  
1712   7.46165e-05  
1713   7.44197e-05  
1714   7.43421e-05  
1715   7.43133e-05  
1716   7.42807e-05  
1717   7.42411e-05  
1718   7.40585e-05  
1719   7.39355e-05  
1720   7.3913e-05  
1721   7.38891e-05  
1722   7.38676e-05  
1723   7.3699e-05  
1724   7.35314e-05  
1725   7.35147e-05  
1726   7.34995e-05  
1727   7.3496e-05  
1728   7.33412e-05  
1729   7.31294e-05  
1730   7.31263e-05  
1731   7.31185e-05  
1732   7.3112e-05  
1733   7.29852e-05  
1734   7.27584e-05  
1735   7.27296e-05  
1736   7.27265e-05  
1737   7.27246e-05  
1738   7.2631e-05  
1739   7.23925e-05  
1740   7.23431e-05  
1741   7.23328e-05  
1742   7.2332e-05  
1743   7.22784e-05  
1744   7.20283e-05  
1745   7.19617e-05  
1746   7.1943e-05  
1747   7.19366e-05  
1748   7.19276e-05  
1749   7.16661e-05  
1750   7.15824e-05  
1751   7.15785e-05  
1752   7.15554e-05  
1753   7.15434e-05  
1754   7.13056e-05  
1755   7.12311e-05  
1756   7.12051e-05  
1757   7.117e-05  
1758   7.11523e-05  
1759   7.0947e-05  
1760   7.08854e-05  
1761   7.08298e-05  
1762   7.07865e-05  
1763   7.07634e-05  
1764   7.05902e-05  
1765   7.05414e-05  
1766   7.04565e-05  
1767   7.04052e-05  
1768   7.03767e-05  
1769   7.02353e-05  
1770   7.0199e-05  
1771   7.00851e-05  
1772   7.00259e-05  
1773   6.9992e-05  
1774   6.98821e-05  
1775   6.98584e-05  
1776   6.97158e-05  
1777   6.96487e-05  
1778   6.96094e-05  
1779   6.95307e-05  
1780   6.95194e-05  
1781   6.93484e-05  
1782   6.92734e-05  
1783   6.9229e-05  
1784   6.9182e-05  
1785   6.91811e-05  
1786   6.89829e-05  
1787   6.89003e-05  
1788   6.88507e-05  
1789   6.88463e-05  
1790   6.88332e-05  
1791   6.86194e-05  
1792   6.85292e-05  
1793   6.85122e-05  
1794   6.84872e-05  
1795   6.84744e-05  
1796   6.82578e-05  
1797   6.81798e-05  
1798   6.81601e-05  
1799   6.81428e-05  
1800   6.81001e-05  
1801   6.78981e-05  
1802   6.7849e-05  
1803   6.78003e-05  
1804   6.77929e-05  
1805   6.7728e-05  
1806   6.75403e-05  
1807   6.75198e-05  
1808   6.74594e-05  
1809   6.74278e-05  
1810   6.73579e-05  
1811   6.71922e-05  
1812   6.71845e-05  
1813   6.71203e-05  
1814   6.70646e-05  
1815   6.69899e-05  
1816   6.68662e-05  
1817   6.68305e-05  
1818   6.67829e-05  
1819   6.67034e-05  
1820   6.66238e-05  
1821   6.65418e-05  
1822   6.64784e-05  
1823   6.64472e-05  
1824   6.63442e-05  
1825   6.62597e-05  
1826   6.6219e-05  
1827   6.61282e-05  
1828   6.61131e-05  
1829   6.59868e-05  
1830   6.58978e-05  
1831   6.58977e-05  
1832   6.57808e-05  
1833   6.57798e-05  
1834   6.56314e-05  
1835   6.55781e-05  
1836   6.55377e-05  
1837   6.54502e-05  
1838   6.54332e-05  
1839   6.5278e-05  
1840   6.526e-05  
1841   6.51796e-05  
1842   6.51212e-05  
1843   6.50886e-05  
1844   6.49435e-05  
1845   6.49264e-05  
1846   6.48234e-05  
1847   6.47939e-05  
1848   6.47457e-05  
1849   6.46285e-05  
1850   6.45767e-05  
1851   6.44693e-05  
1852   6.44683e-05  
1853   6.44047e-05  
1854   6.4315e-05  
1855   6.42291e-05  
1856   6.41443e-05  
1857   6.41171e-05  
1858   6.40654e-05  
1859   6.40031e-05  
1860   6.38831e-05  
1861   6.38219e-05  
1862   6.37668e-05  
1863   6.3728e-05  
1864   6.36927e-05  
1865   6.35391e-05  
1866   6.35012e-05  
1867   6.34184e-05  
1868   6.33923e-05  
1869   6.33838e-05  
1870   6.3197e-05  
1871   6.31821e-05  
1872   6.30764e-05  
1873   6.3072e-05  
1874   6.30585e-05  
1875   6.28646e-05  
1876   6.28567e-05  
1877   6.27706e-05  
1878   6.27275e-05  
1879   6.27264e-05  
1880   6.25487e-05  
1881   6.25182e-05  
1882   6.24662e-05  
1883   6.23961e-05  
1884   6.23848e-05  
1885   6.22344e-05  
1886   6.21816e-05  
1887   6.21633e-05  
1888   6.20675e-05  
1889   6.2044e-05  
1890   6.19217e-05  
1891   6.18619e-05  
1892   6.18468e-05  
1893   6.17407e-05  
1894   6.17051e-05  
1895   6.16106e-05  
1896   6.1562e-05  
1897   6.15139e-05  
1898   6.14156e-05  
1899   6.13681e-05  
1900   6.1301e-05  
1901   6.12635e-05  
1902   6.11827e-05  
1903   6.10923e-05  
1904   6.1033e-05  
1905   6.0993e-05  
1906   6.09665e-05  
1907   6.08532e-05  
1908   6.07706e-05  
1909   6.06996e-05  
1910   6.06866e-05  
1911   6.06709e-05  
1912   6.05256e-05  
1913   6.04507e-05  
1914   6.03817e-05  
1915   6.03768e-05  
1916   6.0368e-05  
1917   6.01998e-05  
1918   6.01324e-05  
1919   6.00841e-05  
1920   6.00784e-05  
1921   6.00383e-05  
1922   5.98757e-05  
1923   5.98159e-05  
1924   5.97929e-05  
1925   5.97766e-05  
1926   5.97105e-05  
1927   5.95533e-05  
1928   5.95031e-05  
1929   5.9501e-05  
1930   5.94764e-05  
1931   5.93843e-05  
1932   5.92327e-05  
1933   5.92147e-05  
1934   5.91878e-05  
1935   5.91776e-05  
1936   5.906e-05  
1937   5.89277e-05  
1938   5.89139e-05  
1939   5.88804e-05  
1940   5.88762e-05  
1941   5.87376e-05  
1942   5.86421e-05  
1943   5.85968e-05  
1944   5.85846e-05  
1945   5.85663e-05  
1946   5.84168e-05  
1947   5.83578e-05  
1948   5.82904e-05  
1949   5.82813e-05  
1950   5.8258e-05  
1951   5.80977e-05  
1952   5.8075e-05  
1953   5.79976e-05  
1954   5.79675e-05  
1955   5.79514e-05  
1956   5.77936e-05  
1957   5.77805e-05  
1958   5.77064e-05  
1959   5.76556e-05  
1960   5.76464e-05  
1961   5.75135e-05  
1962   5.74651e-05  
1963   5.74166e-05  
1964   5.73452e-05  
1965   5.73431e-05  
1966   5.72348e-05  
1967   5.71513e-05  
1968   5.71283e-05  
1969   5.70413e-05  
1970   5.70365e-05  
1971   5.69574e-05  
1972   5.68414e-05  
1973   5.68391e-05  
1974   5.67411e-05  
1975   5.67295e-05  
1976   5.66814e-05  
1977   5.6556e-05  
1978   5.65288e-05  
1979   5.64425e-05  
1980   5.64241e-05  
1981   5.64068e-05  
1982   5.6272e-05  
1983   5.62202e-05  
1984   5.61456e-05  
1985   5.61335e-05  
1986   5.61204e-05  
1987   5.59895e-05  
1988   5.59132e-05  
1989   5.58615e-05  
1990   5.58501e-05  
1991   5.58184e-05  
1992   5.57084e-05  
1993   5.56079e-05  
1994   5.55908e-05  
1995   5.55563e-05  
1996   5.5518e-05  
1997   5.54287e-05  
1998   5.53215e-05  
1999   5.53044e-05  
2000   5.5264e-05  
2001   5.52191e-05  
2002   5.51504e-05  
2003   5.50535e-05  
2004   5.50025e-05  
2005   5.49733e-05  
2006   5.49218e-05  
2007   5.48735e-05  
2008   5.47868e-05  
2009   5.47021e-05  
2010   5.46841e-05  
2011   5.46263e-05  
2012   5.45981e-05  
2013   5.45214e-05  
2014   5.44035e-05  
2015   5.43964e-05  
2016   5.43323e-05  
2017   5.4324e-05  
2018   5.42573e-05  
2019   5.41883e-05  
2020   5.41103e-05  
2021   5.41065e-05  
2022   5.40513e-05  
2023   5.40399e-05  
2024   5.39944e-05  
2025   5.39301e-05  
2026   5.38256e-05  
2027   5.38112e-05  
2028   5.37799e-05  
2029   5.37489e-05  
2030   5.37329e-05  
2031   5.36732e-05  
2032   5.35425e-05  
2033   5.35175e-05  
2034   5.351e-05  
2035   5.34726e-05  
2036   5.34595e-05  
2037   5.34175e-05  
2038   5.32609e-05  
2039   5.32414e-05  
2040   5.32253e-05  
2041   5.32136e-05  
2042   5.3172e-05  
2043   5.31631e-05  
2044   5.29807e-05  
2045   5.29741e-05  
2046   5.29558e-05  
2047   5.29347e-05  
2048   5.291e-05  
2049   5.28859e-05  
2050   5.27082e-05  
2051   5.27021e-05  
2052   5.26993e-05  
2053   5.2658e-05  
2054   5.26458e-05  
2055   5.26012e-05  
2056   5.24441e-05  
2057   5.24437e-05  
2058   5.24249e-05  
2059   5.24074e-05  
2060   5.23585e-05  
2061   5.2318e-05  
2062   5.21901e-05  
2063   5.21805e-05  
2064   5.2158e-05  
2065   5.21491e-05  
2066   5.20727e-05  
2067   5.20364e-05  
2068   5.19373e-05  
2069   5.19186e-05  
2070   5.19098e-05  
2071   5.18748e-05  
2072   5.17885e-05  
2073   5.17564e-05  
2074   5.16858e-05  
2075   5.16628e-05  
2076   5.1658e-05  
2077   5.1602e-05  
2078   5.15058e-05  
2079   5.14779e-05  
2080   5.14354e-05  
2081   5.1417e-05  
2082   5.13987e-05  
2083   5.13306e-05  
2084   5.12247e-05  
2085   5.12008e-05  
2086   5.11863e-05  
2087   5.11724e-05  
2088   5.11408e-05  
2089   5.10606e-05  
2090   5.09452e-05  
2091   5.09385e-05  
2092   5.09289e-05  
2093   5.09252e-05  
2094   5.08842e-05  
2095   5.0792e-05  
2096   5.06918e-05  
2097   5.06867e-05  
2098   5.06672e-05  
2099   5.06511e-05  
2100   5.06288e-05  
2101   5.05249e-05  
2102   5.04463e-05  
2103   5.04456e-05  
2104   5.03907e-05  
2105   5.03786e-05  
2106   5.03747e-05  
2107   5.02591e-05  
2108   5.02057e-05  
2109   5.02021e-05  
2110   5.0122e-05  
2111   5.01156e-05  
2112   5.01074e-05  
2113   4.99948e-05  
2114   4.9967e-05  
2115   4.9959e-05  
2116   4.98705e-05  
2117   4.98421e-05  
2118   4.98377e-05  
2119   4.97319e-05  
2120   4.97294e-05  
2121   4.97171e-05  
2122   4.96203e-05  
2123   4.95702e-05  
2124   4.95695e-05  
2125   4.94929e-05  
2126   4.94764e-05  
2127   4.94703e-05  
2128   4.93713e-05  
2129   4.93028e-05  
2130   4.92997e-05  
2131   4.92577e-05  
2132   4.92368e-05  
2133   4.92102e-05  
2134   4.91236e-05  
2135   4.90375e-05  
2136   4.90307e-05  
2137   4.90235e-05  
2138   4.89985e-05  
2139   4.89515e-05  
2140   4.88771e-05  
2141   4.87905e-05  
2142   4.87735e-05  
2143   4.87631e-05  
2144   4.87613e-05  
2145   4.86941e-05  
2146   4.86319e-05  
2147   4.85586e-05  
2148   4.85252e-05  
2149   4.85109e-05  
2150   4.84969e-05  
2151   4.84381e-05  
2152   4.8388e-05  
2153   4.83278e-05  
2154   4.82903e-05  
2155   4.82498e-05  
2156   4.82323e-05  
2157   4.81835e-05  
2158   4.81452e-05  
2159   4.80981e-05  
2160   4.80566e-05  
2161   4.79902e-05  
2162   4.79692e-05  
2163   4.79302e-05  
2164   4.79037e-05  
2165   4.78695e-05  
2166   4.78239e-05  
2167   4.7732e-05  
2168   4.77075e-05  
2169   4.76782e-05  
2170   4.76634e-05  
2171   4.7642e-05  
2172   4.75925e-05  
2173   4.74751e-05  
2174   4.74472e-05  
2175   4.74276e-05  
2176   4.74244e-05  
2177   4.74156e-05  
2178   4.73621e-05  
2179   4.72194e-05  
2180   4.71903e-05  
2181   4.71883e-05  
2182   4.71865e-05  
2183   4.71784e-05  
2184   4.71329e-05  
2185   4.69661e-05  
2186   4.69652e-05  
2187   4.69498e-05  
2188   4.69308e-05  
2189   4.69304e-05  
2190   4.69048e-05  
2191   4.67429e-05  
2192   4.67143e-05  
2193   4.67126e-05  
2194   4.66838e-05  
2195   4.66777e-05  
2196   4.66747e-05  
2197   4.65208e-05  
2198   4.648e-05  
2199   4.64613e-05  
2200   4.64518e-05  
2201   4.64384e-05  
2202   4.64202e-05  
2203   4.62998e-05  
2204   4.62469e-05  
2205   4.6227e-05  
2206   4.62111e-05  
2207   4.61944e-05  
2208   4.6167e-05  
2209   4.60798e-05  
2210   4.6015e-05  
2211   4.60033e-05  
2212   4.59622e-05  
2213   4.59516e-05  
2214   4.59151e-05  
2215   4.58608e-05  
2216   4.57842e-05  
2217   4.57807e-05  
2218   4.57148e-05  
2219   4.57101e-05  
2220   4.56645e-05  
2221   4.56429e-05  
2222   4.55592e-05  
2223   4.55546e-05  
2224   4.54699e-05  
2225   4.54689e-05  
2226   4.54261e-05  
2227   4.54154e-05  
2228   4.53387e-05  
2229   4.53262e-05  
2230   4.5231e-05  
2231   4.52242e-05  
2232   4.52103e-05  
2233   4.51677e-05  
2234   4.51193e-05  
2235   4.50989e-05  
2236   4.49956e-05  
2237   4.49933e-05  
2238   4.49807e-05  
2239   4.49213e-05  
2240   4.4901e-05  
2241   4.48727e-05  
2242   4.47818e-05  
2243   4.47569e-05  
2244   4.47386e-05  
2245   4.46838e-05  
2246   4.46762e-05  
2247   4.46477e-05  
2248   4.45692e-05  
2249   4.45217e-05  
2250   4.44979e-05  
2251   4.44676e-05  
2252   4.44325e-05  
2253   4.44238e-05  
2254   4.43575e-05  
2255   4.42877e-05  
2256   4.42583e-05  
2257   4.42525e-05  
2258   4.4201e-05  
2259   4.41901e-05  
2260   4.41468e-05  
2261   4.4055e-05  
2262   4.40384e-05  
2263   4.402e-05  
2264   4.39794e-05  
2265   4.3949e-05  
2266   4.39371e-05  
2267   4.38253e-05  
2268   4.38236e-05  
2269   4.3783e-05  
2270   4.37589e-05  
2271   4.37285e-05  
2272   4.37093e-05  
2273   4.36133e-05  
2274   4.35933e-05  
2275   4.35474e-05  
2276   4.35395e-05  
2277   4.35208e-05  
2278   4.34709e-05  
2279   4.34023e-05  
2280   4.33643e-05  
2281   4.33212e-05  
2282   4.33141e-05  
2283   4.33132e-05  
2284   4.32339e-05  
2285   4.31924e-05  
2286   4.31364e-05  
2287   4.31085e-05  
2288   4.3104e-05  
2289   4.308e-05  
2290   4.2998e-05  
2291   4.29835e-05  
2292   4.29098e-05  
2293   4.29038e-05  
2294   4.28879e-05  
2295   4.28479e-05  
2296   4.27755e-05  
2297   4.27634e-05  
2298   4.27e-05  
2299   4.26843e-05  
2300   4.26728e-05  
2301   4.26171e-05  
2302   4.25686e-05  
2303   4.25302e-05  
2304   4.24973e-05  
2305   4.24601e-05  
2306   4.24589e-05  
2307   4.23878e-05  
2308   4.23628e-05  
2309   4.22983e-05  
2310   4.22955e-05  
2311   4.2246e-05  
2312   4.2237e-05  
2313   4.21598e-05  
2314   4.21579e-05  
2315   4.20947e-05  
2316   4.20675e-05  
2317   4.20342e-05  
2318   4.20151e-05  
2319   4.1954e-05  
2320   4.1933e-05  
2321   4.18949e-05  
2322   4.18381e-05  
2323   4.18235e-05  
2324   4.17943e-05  
2325   4.17511e-05  
2326   4.17071e-05  
2327   4.1696e-05  
2328   4.16138e-05  
2329   4.161e-05  
2330   4.15748e-05  
2331   4.15492e-05  
2332   4.1498e-05  
2333   4.14824e-05  
2334   4.14051e-05  
2335   4.13829e-05  
2336   4.13564e-05  
2337   4.13482e-05  
2338   4.1301e-05  
2339   4.12591e-05  
2340   4.11976e-05  
2341   4.11572e-05  
2342   4.11483e-05  
2343   4.11391e-05  
2344   4.1105e-05  
2345   4.10371e-05  
2346   4.0991e-05  
2347   4.09493e-05  
2348   4.09329e-05  
2349   4.0923e-05  
2350   4.09098e-05  
2351   4.08163e-05  
2352   4.07856e-05  
2353   4.07513e-05  
2354   4.07157e-05  
2355   4.07097e-05  
2356   4.0708e-05  
2357   4.05966e-05  
2358   4.05811e-05  
2359   4.05542e-05  
2360   4.05224e-05  
2361   4.04942e-05  
2362   4.04876e-05  
2363   4.0378e-05  
2364   4.03777e-05  
2365   4.03581e-05  
2366   4.03301e-05  
2367   4.02814e-05  
2368   4.02668e-05  
2369   4.01753e-05  
2370   4.0163e-05  
2371   4.01605e-05  
2372   4.01387e-05  
2373   4.00699e-05  
2374   4.00473e-05  
2375   3.99739e-05  
2376   3.99688e-05  
2377   3.99483e-05  
2378   3.99441e-05  
2379   3.98594e-05  
2380   3.98289e-05  
2381   3.97756e-05  
2382   3.97736e-05  
2383   3.97587e-05  
2384   3.97292e-05  
2385   3.965e-05  
2386   3.96117e-05  
2387   3.95833e-05  
2388   3.95742e-05  
2389   3.95701e-05  
2390   3.95155e-05  
2391   3.94418e-05  
2392   3.93958e-05  
2393   3.93919e-05  
2394   3.93823e-05  
2395   3.93759e-05  
2396   3.9303e-05  
2397   3.92347e-05  
2398   3.92015e-05  
2399   3.91955e-05  
2400   3.91809e-05  
2401   3.91785e-05  
2402   3.90912e-05  
2403   3.90286e-05  
2404   3.90119e-05  
2405   3.90095e-05  
2406   3.89822e-05  
2407   3.89672e-05  
2408   3.88805e-05  
2409   3.88245e-05  
2410   3.88236e-05  
2411   3.88233e-05  
2412   3.87868e-05  
2413   3.87547e-05  
2414   3.86711e-05  
2415   3.86403e-05  
2416   3.86357e-05  
2417   3.86197e-05  
2418   3.85924e-05  
2419   3.85434e-05  
2420   3.84631e-05  
2421   3.8457e-05  
2422   3.84489e-05  
2423   3.84169e-05  
2424   3.8399e-05  
2425   3.83332e-05  
2426   3.82746e-05  
2427   3.8263e-05  
2428   3.82562e-05  
2429   3.82151e-05  
2430   3.82066e-05  
2431   3.81241e-05  
2432   3.80931e-05  
2433   3.80781e-05  
2434   3.80503e-05  
2435   3.80151e-05  
2436   3.80144e-05  
2437   3.79161e-05  
2438   3.79125e-05  
2439   3.7894e-05  
2440   3.78453e-05  
2441   3.78246e-05  
2442   3.78148e-05  
2443   3.77327e-05  
2444   3.77109e-05  
2445   3.77093e-05  
2446   3.76414e-05  
2447   3.76351e-05  
2448   3.76162e-05  
2449   3.75537e-05  
2450   3.75286e-05  
2451   3.75036e-05  
2452   3.74465e-05  
2453   3.74388e-05  
2454   3.74186e-05  
2455   3.73757e-05  
2456   3.73472e-05  
2457   3.7299e-05  
2458   3.72589e-05  
2459   3.72373e-05  
2460   3.72221e-05  
2461   3.71985e-05  
2462   3.71667e-05  
2463   3.70956e-05  
2464   3.70722e-05  
2465   3.70369e-05  
2466   3.70267e-05  
2467   3.70221e-05  
2468   3.69871e-05  
2469   3.68931e-05  
2470   3.68864e-05  
2471   3.68466e-05  
2472   3.68375e-05  
2473   3.68322e-05  
2474   3.68083e-05  
2475   3.67016e-05  
2476   3.66917e-05  
2477   3.66719e-05  
2478   3.66392e-05  
2479   3.66388e-05  
2480   3.66304e-05  
2481   3.65177e-05  
2482   3.6498e-05  
2483   3.64916e-05  
2484   3.64534e-05  
2485   3.64464e-05  
2486   3.64418e-05  
2487   3.63347e-05  
2488   3.6325e-05  
2489   3.62925e-05  
2490   3.62773e-05  
2491   3.6255e-05  
2492   3.62457e-05  
2493   3.61528e-05  
2494   3.61527e-05  
2495   3.6102e-05  
2496   3.60944e-05  
2497   3.60647e-05  
2498   3.60506e-05  
2499   3.59814e-05  
2500   3.59715e-05  
2501   3.59275e-05  
2502   3.58973e-05  
2503   3.58753e-05  
2504   3.58566e-05  
2505   3.58109e-05  
2506   3.57913e-05  
2507   3.57539e-05  
2508   3.57013e-05  
2509   3.56869e-05  
2510   3.56636e-05  
2511   3.56411e-05  
2512   3.5612e-05  
2513   3.55812e-05  
2514   3.55064e-05  
2515   3.54995e-05  
2516   3.54722e-05  
2517   3.54715e-05  
2518   3.54336e-05  
2519   3.54093e-05  
2520   3.53132e-05  
2521   3.53126e-05  
2522   3.53041e-05  
2523   3.52806e-05  
2524   3.5256e-05  
2525   3.52382e-05  
2526   3.51368e-05  
2527   3.51277e-05  
2528   3.51198e-05  
2529   3.50907e-05  
2530   3.50794e-05  
2531   3.5068e-05  
2532   3.49702e-05  
2533   3.49433e-05  
2534   3.4928e-05  
2535   3.49036e-05  
2536   3.49018e-05  
2537   3.48986e-05  
2538   3.48336e-05  
2539   3.48045e-05  
2540   3.47598e-05  
2541   3.47372e-05  
2542   3.473e-05  
2543   3.47288e-05  
2544   3.47139e-05  
2545   3.46724e-05  
2546   3.46395e-05  
2547   3.45773e-05  
2548   3.45622e-05  
2549   3.45548e-05  
2550   3.45475e-05  
2551   3.4527e-05  
2552   3.45119e-05  
2553   3.44754e-05  
2554   3.43958e-05  
2555   3.43953e-05  
2556   3.43816e-05  
2557   3.43588e-05  
2558   3.43524e-05  
2559   3.43412e-05  
2560   3.4312e-05  
2561   3.42292e-05  
2562   3.42152e-05  
2563   3.42094e-05  
2564   3.41936e-05  
2565   3.41711e-05  
2566   3.41565e-05  
2567   3.41494e-05  
2568   3.40638e-05  
2569   3.4038e-05  
2570   3.40356e-05  
2571   3.40355e-05  
2572   3.39876e-05  
2573   3.39844e-05  
2574   3.39726e-05  
2575   3.38993e-05  
2576   3.38784e-05  
2577   3.38675e-05  
2578   3.38568e-05  
2579   3.38265e-05  
2580   3.37988e-05  
2581   3.37897e-05  
2582   3.37356e-05  
2583   3.37219e-05  
2584   3.36978e-05  
2585   3.36791e-05  
2586   3.36662e-05  
2587   3.36141e-05  
2588   3.36077e-05  
2589   3.35727e-05  
2590   3.35661e-05  
2591   3.3529e-05  
2592   3.35067e-05  
2593   3.35022e-05  
2594   3.34305e-05  
2595   3.34269e-05  
2596   3.34112e-05  
2597   3.34105e-05  
2598   3.33611e-05  
2599   3.3348e-05  
2600   3.33263e-05  
2601   3.32569e-05  
2602   3.32492e-05  
2603   3.32478e-05  
2604   3.32471e-05  
2605   3.3194e-05  
2606   3.319e-05  
2607   3.31513e-05  
2608   3.31034e-05  
2609   3.30886e-05  
2610   3.30683e-05  
2611   3.3066e-05  
2612   3.30327e-05  
2613   3.30278e-05  
2614   3.29773e-05  
2615   3.29507e-05  
2616   3.29288e-05  
2617   3.28903e-05  
2618   3.28853e-05  
2619   3.28763e-05  
2620   3.28624e-05  
2621   3.28042e-05  
2622   3.27986e-05  
2623   3.27698e-05  
2624   3.27205e-05  
2625   3.27131e-05  
2626   3.27056e-05  
2627   3.26978e-05  
2628   3.26473e-05  
2629   3.26319e-05  
2630   3.26116e-05  
2631   3.25656e-05  
2632   3.2537e-05  
2633   3.2534e-05  
2634   3.25269e-05  
2635   3.24967e-05  
2636   3.24606e-05  
2637   3.24541e-05  
2638   3.24113e-05  
2639   3.23711e-05  
2640   3.2362e-05  
2641   3.2349e-05  
2642   3.23468e-05  
2643   3.22974e-05  
2644   3.22902e-05  
2645   3.22578e-05  
2646   3.2209e-05  
2647   3.21976e-05  
2648   3.2188e-05  
2649   3.21721e-05  
2650   3.21414e-05  
2651   3.21206e-05  
2652   3.2105e-05  
2653   3.2049e-05  
2654   3.20477e-05  
2655   3.20148e-05  
2656   3.19963e-05  
2657   3.19862e-05  
2658   3.1953e-05  
2659   3.1952e-05  
2660   3.19012e-05  
2661   3.18872e-05  
2662   3.18425e-05  
2663   3.18317e-05  
2664   3.18214e-05  
2665   3.18017e-05  
2666   3.17842e-05  
2667   3.1754e-05  
2668   3.17274e-05  
2669   3.1678e-05  
2670   3.16711e-05  
2671   3.16511e-05  
2672   3.16473e-05  
2673   3.16174e-05  
2674   3.16076e-05  
2675   3.15686e-05  
2676   3.1525e-05  
2677   3.15012e-05  
2678   3.15007e-05  
2679   3.14743e-05  
2680   3.14618e-05  
2681   3.14513e-05  
2682   3.14104e-05  
2683   3.13728e-05  
2684   3.1352e-05  
2685   3.13312e-05  
2686   3.13167e-05  
2687   3.13021e-05  
2688   3.12862e-05  
2689   3.12532e-05  
2690   3.12213e-05  
2691   3.12036e-05  
2692   3.11723e-05  
2693   3.11627e-05  
2694   3.11309e-05  
2695   3.1122e-05  
2696   3.10967e-05  
2697   3.10705e-05  
2698   3.10558e-05  
2699   3.10286e-05  
2700   3.0995e-05  
2701   3.09608e-05  
2702   3.09586e-05  
2703   3.09409e-05  
2704   3.09205e-05  
2705   3.09088e-05  
2706   3.08855e-05  
2707   3.08283e-05  
2708   3.07961e-05  
2709   3.07913e-05  
2710   3.0786e-05  
2711   3.07712e-05  
2712   3.07624e-05  
2713   3.07431e-05  
2714   3.06625e-05  
2715   3.06345e-05  
2716   3.06318e-05  
2717   3.06228e-05  
2718   3.06226e-05  
2719   3.06168e-05  
2720   3.06014e-05  
2721   3.04975e-05  
2722   3.04785e-05  
2723   3.04748e-05  
2724   3.04737e-05  
2725   3.04719e-05  
2726   3.04603e-05  
2727   3.04552e-05  
2728   3.03334e-05  
2729   3.03277e-05  
2730   3.03277e-05  
2731   3.03259e-05  
2732   3.03199e-05  
2733   3.03137e-05  
2734   3.02887e-05  
2735   3.01841e-05  
2736   3.01812e-05  
2737   3.01802e-05  
2738   3.0174e-05  
2739   3.01702e-05  
2740   3.01546e-05  
2741   3.0123e-05  
2742   3.00413e-05  
2743   3.00411e-05  
2744   3.00355e-05  
2745   3.0023e-05  
2746   3.00079e-05  
2747   2.99963e-05  
2748   2.99581e-05  
2749   2.99026e-05  
2750   2.98991e-05  
2751   2.98905e-05  
2752   2.98727e-05  
2753   2.98465e-05  
2754   2.98389e-05  
2755   2.97942e-05  
2756   2.97647e-05  
2757   2.97576e-05  
2758   2.97461e-05  
2759   2.97231e-05  
2760   2.9686e-05  
2761   2.96823e-05  
2762   2.96311e-05  
2763   2.96275e-05  
2764   2.96168e-05  
2765   2.96025e-05  
2766   2.95743e-05  
2767   2.95265e-05  
2768   2.95264e-05  
2769   2.9491e-05  
2770   2.94767e-05  
2771   2.94691e-05  
2772   2.94595e-05  
2773   2.94262e-05  
2774   2.93715e-05  
2775   2.93676e-05  
2776   2.9355e-05  
2777   2.93372e-05  
2778   2.93173e-05  
2779   2.93079e-05  
2780   2.92789e-05  
2781   2.92197e-05  
2782   2.92174e-05  
2783   2.92097e-05  
2784   2.91984e-05  
2785   2.91757e-05  
2786   2.91475e-05  
2787   2.91323e-05  
2788   2.9085e-05  
2789   2.90641e-05  
2790   2.90603e-05  
2791   2.90525e-05  
2792   2.90348e-05  
2793   2.8988e-05  
2794   2.89865e-05  
2795   2.8951e-05  
2796   2.89228e-05  
2797   2.89116e-05  
2798   2.88963e-05  
2799   2.88946e-05  
2800   2.88414e-05  
2801   2.88293e-05  
2802   2.88175e-05  
2803   2.8786e-05  
2804   2.87599e-05  
2805   2.8755e-05  
2806   2.87409e-05  
2807   2.8697e-05  
2808   2.86847e-05  
2809   2.86716e-05  
2810   2.86498e-05  
2811   2.86162e-05  
2812   2.8609e-05  
2813   2.85864e-05  
2814   2.85533e-05  
2815   2.85525e-05  
2816   2.85148e-05  
2817   2.85142e-05  
2818   2.8478e-05  
2819   2.84589e-05  
2820   2.84327e-05  
2821   2.84209e-05  
2822   2.84104e-05  
2823   2.83793e-05  
2824   2.83589e-05  
2825   2.83404e-05  
2826   2.83096e-05  
2827   2.82899e-05  
2828   2.82798e-05  
2829   2.82682e-05  
2830   2.82451e-05  
2831   2.82038e-05  
2832   2.82036e-05  
2833   2.81611e-05  
2834   2.81595e-05  
2835   2.81277e-05  
2836   2.81266e-05  
2837   2.81115e-05  
2838   2.80674e-05  
2839   2.80494e-05  
2840   2.80297e-05  
2841   2.80134e-05  
2842   2.79858e-05  
2843   2.79785e-05  
2844   2.79764e-05  
2845   2.79319e-05  
2846   2.79005e-05  
2847   2.78959e-05  
2848   2.78664e-05  
2849   2.78462e-05  
2850   2.78458e-05  
2851   2.7826e-05  
2852   2.7797e-05  
2853   2.77719e-05  
2854   2.77435e-05  
2855   2.77203e-05  
2856   2.77145e-05  
2857   2.77064e-05  
2858   2.76765e-05  
2859   2.76628e-05  
2860   2.76439e-05  
2861   2.75919e-05  
2862   2.75835e-05  
2863   2.75749e-05  
2864   2.75677e-05  
2865   2.75292e-05  
2866   2.75278e-05  
2867   2.75165e-05  
2868   2.7453e-05  
2869   2.74409e-05  
2870   2.74302e-05  
2871   2.74298e-05  
2872   2.73963e-05  
2873   2.73898e-05  
2874   2.73798e-05  
2875   2.73232e-05  
2876   2.72925e-05  
2877   2.72908e-05  
2878   2.72863e-05  
2879   2.72641e-05  
2880   2.72635e-05  
2881   2.72325e-05  
2882   2.7194e-05  
2883   2.71559e-05  
2884   2.71433e-05  
2885   2.71416e-05  
2886   2.71379e-05  
2887   2.71324e-05  
2888   2.7086e-05  
2889   2.70654e-05  
2890   2.702e-05  
2891   2.70129e-05  
2892   2.70014e-05  
2893   2.70009e-05  
2894   2.69935e-05  
2895   2.69404e-05  
2896   2.69374e-05  
2897   2.68884e-05  
2898   2.68848e-05  
2899   2.6871e-05  
2900   2.68593e-05  
2901   2.68459e-05  
2902   2.681e-05  
2903   2.67956e-05  
2904   2.67645e-05  
2905   2.67503e-05  
2906   2.67413e-05  
2907   2.67184e-05  
2908   2.66991e-05  
2909   2.66832e-05  
2910   2.66517e-05  
2911   2.66412e-05  
2912   2.66165e-05  
2913   2.66122e-05  
2914   2.65784e-05  
2915   2.6557e-05  
2916   2.65531e-05  
2917   2.65185e-05  
2918   2.65085e-05  
2919   2.64837e-05  
2920   2.64833e-05  
2921   2.6439e-05  
2922   2.64315e-05  
2923   2.64081e-05  
2924   2.63963e-05  
2925   2.6366e-05  
2926   2.63558e-05  
2927   2.63508e-05  
2928   2.63065e-05  
2929   2.63003e-05  
2930   2.62747e-05  
2931   2.62639e-05  
2932   2.62285e-05  
2933   2.62243e-05  
2934   2.6219e-05  
2935   2.61821e-05  
2936   2.61624e-05  
2937   2.61536e-05  
2938   2.61204e-05  
2939   2.61018e-05  
2940   2.60878e-05  
2941   2.60832e-05  
2942   2.60583e-05  
2943   2.60331e-05  
2944   2.60252e-05  
2945   2.59777e-05  
2946   2.59758e-05  
2947   2.59572e-05  
2948   2.5943e-05  
2949   2.5935e-05  
2950   2.59132e-05  
2951   2.58888e-05  
2952   2.58503e-05  
2953   2.58358e-05  
2954   2.58273e-05  
2955   2.58124e-05  
2956   2.58036e-05  
2957   2.57938e-05  
2958   2.5753e-05  
2959   2.57255e-05  
2960   2.56981e-05  
2961   2.56946e-05  
2962   2.56904e-05  
2963   2.5675e-05  
2964   2.5665e-05  
2965   2.56179e-05  
2966   2.56012e-05  
2967   2.55695e-05  
2968   2.55689e-05  
2969   2.55567e-05  
2970   2.55543e-05  
2971   2.55271e-05  
2972   2.54837e-05  
2973   2.54776e-05  
2974   2.5448e-05  
2975   2.54416e-05  
2976   2.5439e-05  
2977   2.54147e-05  
2978   2.539e-05  
2979   2.53545e-05  
2980   2.53501e-05  
2981   2.53277e-05  
2982   2.53218e-05  
2983   2.53143e-05  
2984   2.52759e-05  
2985   2.52535e-05  
2986   2.52321e-05  
2987   2.52172e-05  
2988   2.5208e-05  
2989   2.52052e-05  
2990   2.51876e-05  
2991   2.51379e-05  
2992   2.51178e-05  
2993   2.51102e-05  
2994   2.50891e-05  
2995   2.50888e-05  
2996   2.50849e-05  
2997   2.50616e-05  
2998   2.50007e-05  
2999   2.49889e-05  
3000   2.49828e-05  
3001   2.49735e-05  
3002   2.49702e-05  
3003   2.49535e-05  
3004   2.49362e-05  
3005   2.48682e-05  
3006   2.48642e-05  
3007   2.48585e-05  
3008   2.48522e-05  
3009   2.48485e-05  
3010   2.48227e-05  
3011   2.48114e-05  
3012   2.47481e-05  
3013   2.4744e-05  
3014   2.47347e-05  
3015   2.47285e-05  
3016   2.47151e-05  
3017   2.46925e-05  
3018   2.46873e-05  
3019   2.463e-05  
3020   2.46286e-05  
3021   2.46178e-05  
3022   2.45935e-05  
3023   2.45823e-05  
3024   2.45638e-05  
3025   2.45631e-05  
3026   2.45166e-05  
3027   2.45096e-05  
3028   2.45014e-05  
3029   2.44591e-05  
3030   2.44502e-05  
3031   2.44409e-05  
3032   2.44344e-05  
3033   2.44037e-05  
3034   2.43912e-05  
3035   2.43855e-05  
3036   2.43255e-05  
3037   2.43188e-05  
3038   2.43186e-05  
3039   2.43063e-05  
3040   2.42913e-05  
3041   2.42733e-05  
3042   2.42702e-05  
3043   2.41969e-05  
3044   2.41927e-05  
3045   2.41881e-05  
3046   2.41794e-05  
3047   2.41789e-05  
3048   2.4156e-05  
3049   2.41555e-05  
3050   2.40759e-05  
3051   2.40681e-05  
3052   2.40606e-05  
3053   2.40581e-05  
3054   2.40521e-05  
3055   2.40413e-05  
3056   2.40393e-05  
3057   2.39573e-05  
3058   2.39554e-05  
3059   2.39292e-05  
3060   2.3929e-05  
3061   2.39276e-05  
3062   2.39261e-05  
3063   2.39231e-05  
3064   2.38469e-05  
3065   2.38355e-05  
3066   2.38145e-05  
3067   2.38075e-05  
3068   2.38007e-05  
3069   2.38005e-05  
3070   2.37986e-05  
3071   2.37371e-05  
3072   2.37162e-05  
3073   2.37019e-05  
3074   2.36924e-05  
3075   2.3676e-05  
3076   2.36727e-05  
3077   2.36687e-05  
3078   2.36278e-05  
3079   2.35976e-05  
3080   2.35899e-05  
3081   2.35779e-05  
3082   2.35519e-05  
3083   2.35455e-05  
3084   2.35396e-05  
3085   2.3519e-05  
3086   2.34795e-05  
3087   2.34783e-05  
3088   2.3464e-05  
3089   2.34285e-05  
3090   2.34226e-05  
3091   2.34189e-05  
3092   2.34112e-05  
3093   2.34107e-05  
3094   2.33673e-05  
3095   2.3362e-05  
3096   2.33506e-05  
3097   2.33181e-05  
3098   2.33058e-05  
3099   2.33029e-05  
3100   2.32929e-05  
3101   2.32835e-05  
3102   2.32568e-05  
3103   2.32451e-05  
3104   2.32377e-05  
3105   2.32141e-05  
3106   2.31955e-05  
3107   2.31836e-05  
3108   2.31678e-05  
3109   2.31564e-05  
3110   2.31469e-05  
3111   2.31288e-05  
3112   2.31254e-05  
3113   2.31107e-05  
3114   2.30887e-05  
3115   2.30622e-05  
3116   2.30434e-05  
3117   2.30374e-05  
3118   2.30299e-05  
3119   2.30137e-05  
3120   2.30131e-05  
3121   2.30079e-05  
3122   2.29824e-05  
3123   2.29414e-05  
3124   2.29285e-05  
3125   2.29199e-05  
3126   2.29055e-05  
3127   2.29042e-05  
3128   2.29025e-05  
3129   2.28979e-05  
3130   2.28766e-05  
3131   2.28212e-05  
3132   2.28201e-05  
3133   2.28036e-05  
3134   2.27969e-05  
3135   2.27918e-05  
3136   2.27833e-05  
3137   2.27791e-05  
3138   2.27712e-05  
3139   2.27121e-05  
3140   2.27022e-05  
3141   2.27016e-05  
3142   2.26817e-05  
3143   2.26745e-05  
3144   2.26693e-05  
3145   2.26663e-05  
3146   2.26548e-05  
3147   2.26047e-05  
3148   2.26013e-05  
3149   2.25827e-05  
3150   2.25721e-05  
3151   2.25619e-05  
3152   2.25559e-05  
3153   2.25526e-05  
3154   2.25312e-05  
3155   2.25008e-05  
3156   2.24978e-05  
3157   2.24644e-05  
3158   2.24631e-05  
3159   2.2458e-05  
3160   2.2443e-05  
3161   2.24313e-05  
3162   2.24083e-05  
3163   2.24009e-05  
3164   2.23915e-05  
3165   2.23546e-05  
3166   2.23545e-05  
3167   2.23467e-05  
3168   2.23307e-05  
3169   2.23106e-05  
3170   2.23015e-05  
3171   2.22861e-05  
3172   2.22856e-05  
3173   2.22517e-05  
3174   2.22465e-05  
3175   2.22297e-05  
3176   2.2219e-05  
3177   2.22025e-05  
3178   2.21907e-05  
3179   2.21802e-05  
3180   2.21645e-05  
3181   2.21492e-05  
3182   2.2139e-05  
3183   2.21132e-05  
3184   2.21078e-05  
3185   2.2104e-05  
3186   2.20753e-05  
3187   2.20716e-05  
3188   2.20472e-05  
3189   2.20437e-05  
3190   2.2032e-05  
3191   2.20059e-05  
3192   2.19974e-05  
3193   2.19972e-05  
3194   2.19709e-05  
3195   2.19534e-05  
3196   2.19457e-05  
3197   2.19256e-05  
3198   2.19235e-05  
3199   2.19083e-05  
3200   2.18871e-05  
3201   2.18821e-05  
3202   2.1867e-05  
3203   2.18446e-05  
3204   2.18358e-05  
3205   2.18196e-05  
3206   2.18111e-05  
3207   2.18039e-05  
3208   2.17776e-05  
3209   2.17676e-05  
3210   2.17636e-05  
3211   2.1744e-05  
3212   2.17186e-05  
3213   2.17143e-05  
3214   2.17142e-05  
3215   2.1685e-05  
3216   2.16686e-05  
3217   2.16607e-05  
3218   2.16536e-05  
3219   2.16439e-05  
3220   2.16179e-05  
3221   2.16092e-05  
3222   2.16019e-05  
3223   2.15666e-05  
3224   2.15602e-05  
3225   2.15583e-05  
3226   2.15443e-05  
3227   2.15401e-05  
3228   2.1522e-05  
3229   2.15048e-05  
3230   2.14855e-05  
3231   2.14564e-05  
3232   2.14523e-05  
3233   2.14489e-05  
3234   2.14451e-05  
3235   2.14273e-05  
3236   2.14264e-05  
3237   2.14009e-05  
3238   2.13698e-05  
3239   2.13549e-05  
3240   2.13463e-05  
3241   2.13449e-05  
3242   2.13318e-05  
3243   2.13314e-05  
3244   2.13151e-05  
3245   2.12975e-05  
3246   2.12549e-05  
3247   2.1254e-05  
3248   2.1248e-05  
3249   2.12381e-05  
3250   2.12367e-05  
3251   2.12154e-05  
3252   2.12035e-05  
3253   2.11946e-05  
3254   2.11535e-05  
3255   2.11502e-05  
3256   2.11425e-05  
3257   2.1141e-05  
3258   2.11318e-05  
3259   2.10998e-05  
3260   2.10924e-05  
3261   2.10921e-05  
3262   2.10535e-05  
3263   2.10528e-05  
3264   2.10486e-05  
3265   2.10278e-05  
3266   2.10261e-05  
3267   2.09902e-05  
3268   2.09848e-05  
3269   2.0982e-05  
3270   2.09559e-05  
3271   2.09552e-05  
3272   2.0954e-05  
3273   2.09209e-05  
3274   2.09153e-05  
3275   2.08888e-05  
3276   2.08721e-05  
3277   2.08705e-05  
3278   2.08622e-05  
3279   2.08594e-05  
3280   2.08549e-05  
3281   2.08162e-05  
3282   2.08032e-05  
3283   2.07878e-05  
3284   2.07696e-05  
3285   2.07634e-05  
3286   2.07628e-05  
3287   2.07567e-05  
3288   2.07563e-05  
3289   2.07121e-05  
3290   2.06914e-05  
3291   2.06874e-05  
3292   2.06774e-05  
3293   2.06678e-05  
3294   2.06582e-05  
3295   2.06541e-05  
3296   2.06435e-05  
3297   2.06084e-05  
3298   2.05874e-05  
3299   2.05856e-05  
3300   2.05799e-05  
3301   2.05726e-05  
3302   2.05606e-05  
3303   2.05459e-05  
3304   2.05309e-05  
3305   2.05053e-05  
3306   2.04943e-05  
3307   2.04879e-05  
3308   2.04779e-05  
3309   2.0469e-05  
3310   2.04634e-05  
3311   2.04383e-05  
3312   2.04189e-05  
3313   2.04033e-05  
3314   2.04027e-05  
3315   2.03889e-05  
3316   2.03836e-05  
3317   2.03667e-05  
3318   2.03589e-05  
3319   2.03313e-05  
3320   2.03127e-05  
3321   2.03075e-05  
3322   2.03006e-05  
3323   2.02903e-05  
3324   2.02898e-05  
3325   2.02704e-05  
3326   2.02497e-05  
3327   2.02248e-05  
3328   2.02225e-05  
3329   2.01991e-05  
3330   2.01968e-05  
3331   2.01963e-05  
3332   2.01923e-05  
3333   2.01746e-05  
3334   2.01413e-05  
3335   2.01326e-05  
3336   2.01189e-05  
3337   2.01033e-05  
3338   2.0098e-05  
3339   2.00947e-05  
3340   2.00867e-05  
3341   2.00792e-05  
3342   2.00432e-05  
3343   2.00335e-05  
3344   2.00136e-05  
3345   2.00108e-05  
3346   1.99975e-05  
3347   1.99974e-05  
3348   1.99843e-05  
3349   1.99772e-05  
3350   1.99541e-05  
3351   1.99263e-05  
3352   1.99186e-05  
3353   1.99088e-05  
3354   1.99009e-05  
3355   1.98974e-05  
3356   1.98899e-05  
3357   1.98683e-05  
3358   1.98654e-05  
3359   1.98269e-05  
3360   1.98193e-05  
3361   1.98047e-05  
3362   1.98046e-05  
3363   1.97978e-05  
3364   1.97959e-05  
3365   1.97771e-05  
3366   1.97601e-05  
3367   1.97356e-05  
3368   1.97127e-05  
3369   1.9709e-05  
3370   1.97023e-05  
3371   1.97009e-05  
3372   1.96987e-05  
3373   1.96892e-05  
3374   1.96524e-05  
3375   1.96447e-05  
3376   1.96137e-05  
3377   1.96092e-05  
3378   1.96065e-05  
3379   1.96017e-05  
3380   1.96001e-05  
3381   1.95977e-05  
3382   1.95543e-05  
3383   1.95453e-05  
3384   1.95189e-05  
3385   1.95165e-05  
3386   1.95145e-05  
3387   1.95021e-05  
3388   1.9501e-05  
3389   1.94951e-05  
3390   1.94642e-05  
3391   1.94387e-05  
3392   1.94277e-05  
3393   1.94245e-05  
3394   1.94243e-05  
3395   1.94045e-05  
3396   1.93962e-05  
3397   1.93932e-05  
3398   1.93746e-05  
3399   1.93414e-05  
3400   1.93326e-05  
3401   1.93324e-05  
3402   1.93306e-05  
3403   1.93074e-05  
3404   1.92923e-05  
3405   1.92917e-05  
3406   1.92854e-05  
3407   1.92553e-05  
3408   1.92411e-05  
3409   1.92371e-05  
3410   1.92271e-05  
3411   1.92107e-05  
3412   1.91966e-05  
3413   1.91906e-05  
3414   1.9189e-05  
3415   1.91697e-05  
3416   1.91501e-05  
3417   1.91441e-05  
3418   1.91223e-05  
3419   1.91147e-05  
3420   1.91082e-05  
3421   1.90901e-05  
3422   1.90863e-05  
3423   1.90843e-05  
3424   1.90596e-05  
3425   1.90516e-05  
3426   1.90202e-05  
3427   1.90189e-05  
3428   1.90182e-05  
3429   1.89995e-05  
3430   1.89902e-05  
3431   1.89841e-05  
3432   1.89695e-05  
3433   1.89595e-05  
3434   1.89327e-05  
3435   1.89237e-05  
3436   1.89148e-05  
3437   1.89147e-05  
3438   1.88909e-05  
3439   1.88821e-05  
3440   1.88798e-05  
3441   1.88679e-05  
3442   1.88455e-05  
3443   1.88307e-05  
3444   1.88291e-05  
3445   1.88117e-05  
3446   1.8792e-05  
3447   1.87906e-05  
3448   1.87805e-05  
3449   1.87766e-05  
3450   1.87587e-05  
3451   1.87468e-05  
3452   1.87348e-05  
3453   1.87093e-05  
3454   1.87017e-05  
3455   1.86937e-05  
3456   1.86858e-05  
3457   1.86794e-05  
3458   1.86724e-05  
3459   1.86633e-05  
3460   1.86411e-05  
3461   1.86133e-05  
3462   1.86072e-05  
3463   1.85958e-05  
3464   1.85955e-05  
3465   1.85864e-05  
3466   1.85803e-05  
3467   1.8579e-05  
3468   1.85477e-05  
3469   1.85253e-05  
3470   1.85057e-05  
3471   1.85056e-05  
3472   1.85008e-05  
3473   1.84984e-05  
3474   1.84975e-05  
3475   1.84793e-05  
3476   1.84548e-05  
3477   1.84377e-05  
3478   1.8416e-05  
3479   1.84156e-05  
3480   1.84151e-05  
3481   1.84047e-05  
3482   1.84017e-05  
3483   1.83803e-05  
3484   1.83625e-05  
3485   1.83506e-05  
3486   1.8333e-05  
3487   1.83307e-05  
3488   1.83269e-05  
3489   1.83054e-05  
3490   1.83044e-05  
3491   1.82819e-05  
3492   1.82705e-05  
3493   1.82638e-05  
3494   1.82514e-05  
3495   1.82463e-05  
3496   1.82382e-05  
3497   1.82096e-05  
3498   1.82047e-05  
3499   1.8184e-05  
3500   1.8179e-05  
3501   1.81775e-05  
3502   1.817e-05  
3503   1.81622e-05  
3504   1.815e-05  
3505   1.81143e-05  
3506   1.81057e-05  
3507   1.80915e-05  
3508   1.8089e-05  
3509   1.8088e-05  
3510   1.80865e-05  
3511   1.80786e-05  
3512   1.80621e-05  
3513   1.80195e-05  
3514   1.80084e-05  
3515   1.80072e-05  
3516   1.8006e-05  
3517   1.79974e-05  
3518   1.79953e-05  
3519   1.79894e-05  
3520   1.79747e-05  
3521   1.79281e-05  
3522   1.79252e-05  
3523   1.79208e-05  
3524   1.79124e-05  
3525   1.79092e-05  
3526   1.79073e-05  
3527   1.78927e-05  
3528   1.78877e-05  
3529   1.78481e-05  
3530   1.78361e-05  
3531   1.78314e-05  
3532   1.78299e-05  
3533   1.78175e-05  
3534   1.78114e-05  
3535   1.78011e-05  
3536   1.77965e-05  
3537   1.77686e-05  
3538   1.77517e-05  
3539   1.77478e-05  
3540   1.77381e-05  
3541   1.77283e-05  
3542   1.7715e-05  
3543   1.77142e-05  
3544   1.77009e-05  
3545   1.76893e-05  
3546   1.76678e-05  
3547   1.7666e-05  
3548   1.76453e-05  
3549   1.76396e-05  
3550   1.76293e-05  
3551   1.76176e-05  
3552   1.76104e-05  
3553   1.76059e-05  
3554   1.75847e-05  
3555   1.75842e-05  
3556   1.7553e-05  
3557   1.75512e-05  
3558   1.75439e-05  
3559   1.75319e-05  
3560   1.75216e-05  
3561   1.75115e-05  
3562   1.75036e-05  
3563   1.75011e-05  
3564   1.74633e-05  
3565   1.74611e-05  
3566   1.74591e-05  
3567   1.74537e-05  
3568   1.74262e-05  
3569   1.7423e-05  
3570   1.74183e-05  
3571   1.74176e-05  
3572   1.73758e-05  
3573   1.73758e-05  
3574   1.73746e-05  
3575   1.73697e-05  
3576   1.73427e-05  
3577   1.73359e-05  
3578   1.73315e-05  
3579   1.73243e-05  
3580   1.72983e-05  
3581   1.72905e-05  
3582   1.72888e-05  
3583   1.72789e-05  
3584   1.72627e-05  
3585   1.72539e-05  
3586   1.72372e-05  
3587   1.72314e-05  
3588   1.72211e-05  
3589   1.72068e-05  
3590   1.72021e-05  
3591   1.71885e-05  
3592   1.71831e-05  
3593   1.71723e-05  
3594   1.71443e-05  
3595   1.71433e-05  
3596   1.7139e-05  
3597   1.71236e-05  
3598   1.71159e-05  
3599   1.71038e-05  
3600   1.70987e-05  
3601   1.7091e-05  
3602   1.70678e-05  
3603   1.70498e-05  
3604   1.7047e-05  
3605   1.70407e-05  
3606   1.70302e-05  
3607   1.70249e-05  
3608   1.70102e-05  
3609   1.70092e-05  
3610   1.69916e-05  
3611   1.69582e-05  
3612   1.69568e-05  
3613   1.69555e-05  
3614   1.69464e-05  
3615   1.69448e-05  
3616   1.69297e-05  
3617   1.69201e-05  
3618   1.69158e-05  
3619   1.68761e-05  
3620   1.68682e-05  
3621   1.68644e-05  
3622   1.68644e-05  
3623   1.68599e-05  
3624   1.68496e-05  
3625   1.68403e-05  
3626   1.68317e-05  
3627   1.67944e-05  
3628   1.67903e-05  
3629   1.67754e-05  
3630   1.67739e-05  
3631   1.67725e-05  
3632   1.67699e-05  
3633   1.67652e-05  
3634   1.67443e-05  
3635   1.67436e-05  
3636   1.6713e-05  
3637   1.67128e-05  
3638   1.66914e-05  
3639   1.66906e-05  
3640   1.66903e-05  
3641   1.66839e-05  
3642   1.66813e-05  
3643   1.66704e-05  
3644   1.66561e-05  
3645   1.66356e-05  
3646   1.66321e-05  
3647   1.66158e-05  
3648   1.66116e-05  
3649   1.66078e-05  
3650   1.65967e-05  
3651   1.65944e-05  
3652   1.65906e-05  
3653   1.65689e-05  
3654   1.65588e-05  
3655   1.65516e-05  
3656   1.65416e-05  
3657   1.65329e-05  
3658   1.65245e-05  
3659   1.65237e-05  
3660   1.65055e-05  
3661   1.65003e-05  
3662   1.64824e-05  
3663   1.64823e-05  
3664   1.64714e-05  
3665   1.64678e-05  
3666   1.64547e-05  
3667   1.64511e-05  
3668   1.64417e-05  
3669   1.6417e-05  
3670   1.64104e-05  
3671   1.64063e-05  
3672   1.6396e-05  
3673   1.63943e-05  
3674   1.63916e-05  
3675   1.63788e-05  
3676   1.63768e-05  
3677   1.63593e-05  
3678   1.63306e-05  
3679   1.6329e-05  
3680   1.6321e-05  
3681   1.63209e-05  
3682   1.63122e-05  
3683   1.63102e-05  
3684   1.63069e-05  
3685   1.62993e-05  
3686   1.62773e-05  
3687   1.62552e-05  
3688   1.62481e-05  
3689   1.62414e-05  
3690   1.62355e-05  
3691   1.62332e-05  
3692   1.6232e-05  
3693   1.6225e-05  
3694   1.62221e-05  
3695   1.61957e-05  
3696   1.61801e-05  
3697   1.61755e-05  
3698   1.61645e-05  
3699   1.61546e-05  
3700   1.61543e-05  
3701   1.61453e-05  
3702   1.61435e-05  
3703   1.61402e-05  
3704   1.61145e-05  
3705   1.61054e-05  
3706   1.61033e-05  
3707   1.60938e-05  
3708   1.60764e-05  
3709   1.60688e-05  
3710   1.60676e-05  
3711   1.60558e-05  
3712   1.60556e-05  
3713   1.60338e-05  
3714   1.60313e-05  
3715   1.60311e-05  
3716   1.60234e-05  
3717   1.59986e-05  
3718   1.59927e-05  
3719   1.59813e-05  
3720   1.59718e-05  
3721   1.59683e-05  
3722   1.59597e-05  
3723   1.59571e-05  
3724   1.59534e-05  
3725   1.59534e-05  
3726   1.59211e-05  
3727   1.59169e-05  
3728   1.58955e-05  
3729   1.58884e-05  
3730   1.58882e-05  
3731   1.58838e-05  
3732   1.58835e-05  
3733   1.58814e-05  
3734   1.58734e-05  
3735   1.5844e-05  
3736   1.58414e-05  
3737   1.58174e-05  
3738   1.58145e-05  
3739   1.58102e-05  
3740   1.58102e-05  
3741   1.58051e-05  
3742   1.5795e-05  
3743   1.57938e-05  
3744   1.57672e-05  
3745   1.57663e-05  
3746   1.57467e-05  
3747   1.57454e-05  
3748   1.57372e-05  
3749   1.57255e-05  
3750   1.57224e-05  
3751   1.57146e-05  
3752   1.57089e-05  
3753   1.56916e-05  
3754   1.56909e-05  
3755   1.56767e-05  
3756   1.56763e-05  
3757   1.56645e-05  
3758   1.56412e-05  
3759   1.56403e-05  
3760   1.56359e-05  
3761   1.56233e-05  
3762   1.56172e-05  
3763   1.56148e-05  
3764   1.56082e-05  
3765   1.56062e-05  
3766   1.55923e-05  
3767   1.55585e-05  
3768   1.55575e-05  
3769   1.55574e-05  
3770   1.55432e-05  
3771   1.55401e-05  
3772   1.55392e-05  
3773   1.55381e-05  
3774   1.55364e-05  
3775   1.55203e-05  
3776   1.54795e-05  
3777   1.54771e-05  
3778   1.5474e-05  
3779   1.54723e-05  
3780   1.54695e-05  
3781   1.54669e-05  
3782   1.54639e-05  
3783   1.54535e-05  
3784   1.54486e-05  
3785   1.54048e-05  
3786   1.54018e-05  
3787   1.53977e-05  
3788   1.53962e-05  
3789   1.53961e-05  
3790   1.5391e-05  
3791   1.5389e-05  
3792   1.53773e-05  
3793   1.53694e-05  
3794   1.53375e-05  
3795   1.53289e-05  
3796   1.53246e-05  
3797   1.53233e-05  
3798   1.53155e-05  
3799   1.53144e-05  
3800   1.53084e-05  
3801   1.53063e-05  
3802   1.52857e-05  
3803   1.52706e-05  
3804   1.52603e-05  
3805   1.52507e-05  
3806   1.52478e-05  
3807   1.52402e-05  
3808   1.52357e-05  
3809   1.52354e-05  
3810   1.52263e-05  
3811   1.5204e-05  
3812   1.52026e-05  
3813   1.5192e-05  
3814   1.51784e-05  
3815   1.51713e-05  
3816   1.51664e-05  
3817   1.51654e-05  
3818   1.51558e-05  
3819   1.51446e-05  
3820   1.51376e-05  
3821   1.5124e-05  
3822   1.51199e-05  
3823   1.51064e-05  
3824   1.50953e-05  
3825   1.50951e-05  
3826   1.50929e-05  
3827   1.50766e-05  
3828   1.50716e-05  
3829   1.50633e-05  
3830   1.50563e-05  
3831   1.50376e-05  
3832   1.50349e-05  
3833   1.50257e-05  
3834   1.50198e-05  
3835   1.50194e-05  
3836   1.50058e-05  
3837   1.49977e-05  
3838   1.49889e-05  
3839   1.49825e-05  
3840   1.49636e-05  
3841   1.49563e-05  
3842   1.49557e-05  
3843   1.4947e-05  
3844   1.49441e-05  
3845   1.49403e-05  
3846   1.49219e-05  
3847   1.49192e-05  
3848   1.49022e-05  
3849   1.48927e-05  
3850   1.48873e-05  
3851   1.4875e-05  
3852   1.48746e-05  
3853   1.48742e-05  
3854   1.48692e-05  
3855   1.48551e-05  
3856   1.48411e-05  
3857   1.48223e-05  
3858   1.4822e-05  
3859   1.48185e-05  
3860   1.48101e-05  
3861   1.48025e-05  
3862   1.47945e-05  
3863   1.47931e-05  
3864   1.47886e-05  
3865   1.47635e-05  
3866   1.47518e-05  
3867   1.47501e-05  
3868   1.47454e-05  
3869   1.47429e-05  
3870   1.47308e-05  
3871   1.47223e-05  
3872   1.47203e-05  
3873   1.47126e-05  
3874   1.46864e-05  
3875   1.4682e-05  
3876   1.46818e-05  
3877   1.4681e-05  
3878   1.46639e-05  
3879   1.46594e-05  
3880   1.46564e-05  
3881   1.46465e-05  
3882   1.46325e-05  
3883   1.46169e-05  
3884   1.46142e-05  
3885   1.46121e-05  
3886   1.46095e-05  
3887   1.45909e-05  
3888   1.45884e-05  
3889   1.45853e-05  
3890   1.4573e-05  
3891   1.4553e-05  
3892   1.4553e-05  
3893   1.45468e-05  
3894   1.45428e-05  
3895   1.45331e-05  
3896   1.45255e-05  
3897   1.45176e-05  
3898   1.45071e-05  
3899   1.44999e-05  
3900   1.44895e-05  
3901   1.44796e-05  
3902   1.44738e-05  
3903   1.44738e-05  
3904   1.44605e-05  
3905   1.44571e-05  
3906   1.44472e-05  
3907   1.44292e-05  
3908   1.44271e-05  
3909   1.44261e-05  
3910   1.44128e-05  
3911   1.44051e-05  
3912   1.43958e-05  
3913   1.43951e-05  
3914   1.43814e-05  
3915   1.43772e-05  
3916   1.4363e-05  
3917   1.43547e-05  
3918   1.43518e-05  
3919   1.43462e-05  
3920   1.43367e-05  
3921   1.43313e-05  
3922   1.43167e-05  
3923   1.43075e-05  
3924   1.43061e-05  
3925   1.43002e-05  
3926   1.42827e-05  
3927   1.428e-05  
3928   1.42748e-05  
3929   1.42687e-05  
3930   1.42671e-05  
3931   1.42387e-05  
3932   1.42381e-05  
3933   1.42376e-05  
3934   1.42313e-05  
3935   1.42141e-05  
3936   1.42111e-05  
3937   1.42031e-05  
3938   1.42009e-05  
3939   1.41982e-05  
3940   1.41753e-05  
3941   1.41691e-05  
3942   1.41612e-05  
3943   1.41569e-05  
3944   1.41485e-05  
3945   1.41397e-05  
3946   1.41395e-05  
3947   1.41335e-05  
3948   1.41221e-05  
3949   1.41132e-05  
3950   1.41004e-05  
3951   1.4084e-05  
3952   1.40831e-05  
3953   1.40829e-05  
3954   1.40761e-05  
3955   1.40688e-05  
3956   1.40664e-05  
3957   1.40513e-05  
3958   1.40464e-05  
3959   1.40321e-05  
3960   1.40181e-05  
3961   1.4013e-05  
3962   1.40092e-05  
3963   1.40074e-05  
3964   1.39996e-05  
3965   1.39981e-05  
3966   1.39898e-05  
3967   1.39711e-05  
3968   1.39641e-05  
3969   1.39534e-05  
3970   1.39502e-05  
3971   1.39359e-05  
3972   1.39331e-05  
3973   1.39311e-05  
3974   1.39285e-05  
3975   1.39279e-05  
3976   1.38963e-05  
3977   1.38963e-05  
3978   1.3889e-05  
3979   1.38876e-05  
3980   1.38675e-05  
3981   1.3867e-05  
3982   1.3863e-05  
3983   1.3858e-05  
3984   1.38553e-05  
3985   1.38289e-05  
3986   1.38253e-05  
3987   1.38248e-05  
3988   1.38218e-05  
3989   1.38066e-05  
3990   1.38012e-05  
3991   1.37905e-05  
3992   1.37884e-05  
3993   1.37799e-05  
3994   1.37632e-05  
3995   1.37619e-05  
3996   1.37609e-05  
3997   1.37477e-05  
3998   1.37462e-05  
3999   1.37357e-05  
4000   1.37192e-05  
4001   1.37184e-05  
4002   1.37049e-05  
4003   1.37015e-05  
4004   1.36974e-05  
4005   1.36951e-05  
4006   1.36857e-05  
4007   1.3674e-05  
4008   1.36705e-05  
4009   1.36503e-05  
4010   1.36467e-05  
4011   1.364e-05  
4012   1.36341e-05  
4013   1.36303e-05  
4014   1.36287e-05  
4015   1.36257e-05  
4016   1.36056e-05  
4017   1.36006e-05  
4018   1.35819e-05  
4019   1.35788e-05  
4020   1.35753e-05  
4021   1.35711e-05  
4022   1.35659e-05  
4023   1.35626e-05  
4024   1.35561e-05  
4025   1.3541e-05  
4026   1.35276e-05  
4027   1.35179e-05  
4028   1.35137e-05  
4029   1.35084e-05  
4030   1.35062e-05  
4031   1.35041e-05  
4032   1.34968e-05  
4033   1.34822e-05  
4034   1.34768e-05  
4035   1.34572e-05  
4036   1.3455e-05  
4037   1.34469e-05  
4038   1.3446e-05  
