   1.01354614323e+08    2.78725189389e+09    5.06773071616e+06    9.22500000000e-01 
531 
1.721906e-04 
1.560345e-04 
1.420527e-04 
1.298706e-04 
1.191928e-04 
1.097810e-04 
1.014426e-04 
9.402056e-05 
8.738460e-05 
8.142774e-05 
7.606054e-05 
7.120738e-05 
6.680469e-05 
6.279848e-05 
5.914242e-05 
5.579671e-05 
5.272734e-05 
4.990468e-05 
4.730288e-05 
4.489946e-05 
4.267482e-05 
4.061165e-05 
3.869463e-05 
3.691024e-05 
3.524658e-05 
3.369300e-05 
3.223998e-05 
3.087900e-05 
2.960248e-05 
2.840356e-05 
2.727607e-05 
2.621441e-05 
2.521357e-05 
2.426901e-05 
2.337658e-05 
2.253251e-05 
2.173336e-05 
2.097599e-05 
2.025755e-05 
1.957542e-05 
1.892718e-05 
1.831064e-05 
1.772375e-05 
1.716463e-05 
1.663157e-05 
1.612297e-05 
1.563736e-05 
1.517337e-05 
1.472974e-05 
1.430529e-05 
1.389892e-05 
1.350963e-05 
1.313648e-05 
1.277859e-05 
1.243513e-05 
1.210533e-05 
1.178849e-05 
1.148392e-05 
1.119102e-05 
1.090918e-05 
1.063786e-05 
1.037654e-05 
1.012473e-05 
9.881986e-06 
9.647865e-06 
9.421969e-06 
9.203916e-06 
8.993349e-06 
8.789928e-06 
8.593333e-06 
8.403263e-06 
8.219432e-06 
8.041569e-06 
7.869417e-06 
7.702735e-06 
7.541295e-06 
7.384878e-06 
7.233280e-06 
7.086303e-06 
6.943761e-06 
6.805479e-06 
6.671287e-06 
6.541025e-06 
6.414543e-06 
6.291694e-06 
6.172342e-06 
6.056355e-06 
5.943607e-06 
5.833980e-06 
5.727358e-06 
5.623633e-06 
5.522701e-06 
5.424463e-06 
5.328822e-06 
5.235690e-06 
5.144978e-06 
5.056604e-06 
4.970487e-06 
4.886552e-06 
4.804726e-06 
4.724939e-06 
4.647123e-06 
4.571213e-06 
4.497149e-06 
4.424869e-06 
4.354318e-06 
4.285442e-06 
4.218186e-06 
4.152502e-06 
4.088341e-06 
4.025655e-06 
3.964400e-06 
3.904533e-06 
3.846012e-06 
3.788797e-06 
3.732850e-06 
3.678133e-06 
3.624610e-06 
3.572246e-06 
3.521010e-06 
3.470868e-06 
3.421790e-06 
3.373746e-06 
3.326706e-06 
3.280644e-06 
3.235531e-06 
3.191344e-06 
3.148055e-06 
3.105641e-06 
3.064079e-06 
3.023345e-06 
2.983419e-06 
2.944279e-06 
2.905903e-06 
2.868274e-06 
2.831370e-06 
2.795174e-06 
2.759669e-06 
2.724835e-06 
2.690657e-06 
2.657118e-06 
2.624202e-06 
2.591894e-06 
2.560179e-06 
2.529043e-06 
2.498471e-06 
2.468451e-06 
2.438968e-06 
2.410011e-06 
2.381566e-06 
2.353622e-06 
2.326167e-06 
2.299190e-06 
2.272679e-06 
2.246624e-06 
2.221015e-06 
2.195841e-06 
2.171092e-06 
2.146760e-06 
2.122835e-06 
2.099307e-06 
2.076169e-06 
2.053411e-06 
2.031025e-06 
2.009003e-06 
1.987337e-06 
1.966020e-06 
1.945045e-06 
1.924403e-06 
1.904088e-06 
1.884093e-06 
1.864411e-06 
1.845037e-06 
1.825962e-06 
1.807182e-06 
1.788691e-06 
1.770481e-06 
1.752549e-06 
1.734887e-06 
1.717491e-06 
1.700355e-06 
1.683475e-06 
1.666845e-06 
1.650460e-06 
1.634315e-06 
1.618407e-06 
1.602729e-06 
1.587278e-06 
1.572049e-06 
1.557039e-06 
1.542243e-06 
1.527656e-06 
1.513276e-06 
1.499097e-06 
1.485117e-06 
1.471332e-06 
1.457737e-06 
1.444331e-06 
1.431108e-06 
1.418066e-06 
1.405202e-06 
1.392511e-06 
1.379992e-06 
1.367641e-06 
1.355456e-06 
1.343432e-06 
1.331567e-06 
1.319859e-06 
1.308305e-06 
1.296902e-06 
1.285648e-06 
1.274539e-06 
1.263573e-06 
1.252749e-06 
1.242063e-06 
1.231513e-06 
1.221097e-06 
1.210813e-06 
1.200658e-06 
1.190630e-06 
1.180727e-06 
1.170947e-06 
1.161289e-06 
1.151749e-06 
1.142327e-06 
1.133019e-06 
1.123825e-06 
1.114743e-06 
1.105770e-06 
1.096905e-06 
1.088146e-06 
1.079491e-06 
1.070940e-06 
1.062489e-06 
1.054139e-06 
1.045886e-06 
1.037730e-06 
1.029669e-06 
1.021702e-06 
1.013826e-06 
1.006042e-06 
9.983464e-07 
9.907390e-07 
9.832183e-07 
9.757829e-07 
9.684315e-07 
9.611629e-07 
9.539758e-07 
9.468690e-07 
9.398414e-07 
9.328917e-07 
9.260188e-07 
9.192216e-07 
9.124989e-07 
9.058498e-07 
8.992730e-07 
8.927677e-07 
8.863326e-07 
8.799669e-07 
8.736695e-07 
8.674395e-07 
8.612759e-07 
8.551778e-07 
8.491442e-07 
8.431742e-07 
8.372669e-07 
8.314216e-07 
8.256372e-07 
8.199130e-07 
8.142481e-07 
8.086417e-07 
8.030930e-07 
7.976013e-07 
7.921656e-07 
7.867854e-07 
7.814598e-07 
7.761881e-07 
7.709695e-07 
7.658034e-07 
7.606891e-07 
7.556258e-07 
7.506129e-07 
7.456497e-07 
7.407356e-07 
7.358700e-07 
7.310521e-07 
7.262813e-07 
7.215571e-07 
7.168789e-07 
7.122460e-07 
7.076579e-07 
7.031140e-07 
6.986137e-07 
6.941564e-07 
6.897417e-07 
6.853690e-07 
6.810377e-07 
6.767473e-07 
6.724974e-07 
6.682874e-07 
6.641168e-07 
6.599851e-07 
6.558918e-07 
6.518365e-07 
6.478187e-07 
6.438380e-07 
6.398938e-07 
6.359858e-07 
6.321134e-07 
6.282763e-07 
6.244741e-07 
6.207062e-07 
6.169724e-07 
6.132721e-07 
6.096051e-07 
6.059708e-07 
6.023689e-07 
5.987991e-07 
5.952609e-07 
5.917539e-07 
5.882779e-07 
5.848324e-07 
5.814171e-07 
5.780316e-07 
5.746756e-07 
5.713487e-07 
5.680507e-07 
5.647811e-07 
5.615397e-07 
5.583261e-07 
5.551400e-07 
5.519811e-07 
5.488491e-07 
5.457436e-07 
5.426645e-07 
5.396113e-07 
5.365839e-07 
5.335818e-07 
5.306049e-07 
5.276528e-07 
5.247253e-07 
5.218220e-07 
5.189428e-07 
5.160874e-07 
5.132555e-07 
5.104468e-07 
5.076611e-07 
5.048982e-07 
5.021577e-07 
4.994395e-07 
4.967433e-07 
4.940689e-07 
4.914160e-07 
4.887845e-07 
4.861740e-07 
4.835844e-07 
4.810154e-07 
4.784668e-07 
4.759384e-07 
4.734301e-07 
4.709415e-07 
4.684724e-07 
4.660228e-07 
4.635923e-07 
4.611807e-07 
4.587879e-07 
4.564138e-07 
4.540579e-07 
4.517203e-07 
4.494007e-07 
4.470989e-07 
4.448148e-07 
4.425481e-07 
4.402987e-07 
4.380664e-07 
4.358510e-07 
4.336524e-07 
4.314704e-07 
4.293048e-07 
4.271555e-07 
4.250223e-07 
4.229050e-07 
4.208035e-07 
4.187176e-07 
4.166472e-07 
4.145921e-07 
4.125522e-07 
4.105273e-07 
4.085173e-07 
4.065220e-07 
4.045413e-07 
4.025750e-07 
4.006230e-07 
3.986852e-07 
3.967615e-07 
3.948516e-07 
3.929554e-07 
3.910729e-07 
3.892039e-07 
3.873483e-07 
3.855058e-07 
3.836766e-07 
3.818602e-07 
3.800568e-07 
3.782661e-07 
3.764881e-07 
3.747225e-07 
3.729693e-07 
3.712284e-07 
3.694997e-07 
3.677830e-07 
3.660783e-07 
3.643854e-07 
3.627042e-07 
3.610346e-07 
3.593765e-07 
3.577298e-07 
3.560944e-07 
3.544701e-07 
3.528570e-07 
3.512549e-07 
3.496636e-07 
3.480832e-07 
3.465134e-07 
3.449542e-07 
3.434055e-07 
3.418673e-07 
3.403393e-07 
3.388216e-07 
3.373139e-07 
3.358164e-07 
3.343288e-07 
3.328510e-07 
3.313830e-07 
3.299247e-07 
3.284761e-07 
3.270369e-07 
3.256072e-07 
3.241868e-07 
3.227757e-07 
3.213738e-07 
3.199810e-07 
3.185973e-07 
3.172225e-07 
3.158565e-07 
3.144994e-07 
3.131510e-07 
3.118113e-07 
3.104801e-07 
3.091575e-07 
3.078433e-07 
3.065374e-07 
3.052399e-07 
3.039505e-07 
3.026693e-07 
3.013962e-07 
3.001312e-07 
2.988740e-07 
2.976248e-07 
2.963833e-07 
2.951496e-07 
2.939236e-07 
2.927053e-07 
2.914944e-07 
2.902911e-07 
2.890952e-07 
2.879067e-07 
2.867255e-07 
2.855516e-07 
2.843848e-07 
2.832252e-07 
2.820727e-07 
2.809272e-07 
2.797886e-07 
2.786570e-07 
2.775322e-07 
2.764142e-07 
2.753030e-07 
2.741984e-07 
2.731005e-07 
2.720091e-07 
2.709243e-07 
2.698460e-07 
2.687741e-07 
2.677085e-07 
2.666493e-07 
2.655964e-07 
2.645496e-07 
2.635091e-07 
2.624747e-07 
2.614463e-07 
2.604240e-07 
2.594077e-07 
2.583973e-07 
2.573928e-07 
2.563942e-07 
2.554014e-07 
2.544143e-07 
2.534329e-07 
2.524572e-07 
2.514871e-07 
2.505226e-07 
2.495636e-07 
2.486102e-07 
2.476621e-07 
2.467195e-07 
2.457823e-07 
2.448504e-07 
2.439238e-07 
2.430024e-07 
2.420863e-07 
2.411753e-07 
2.402694e-07 
2.393687e-07 
2.384730e-07 
2.375823e-07 
2.366966e-07 
2.358158e-07 
2.349400e-07 
2.340690e-07 
2.332029e-07 
2.323415e-07 
2.314849e-07 
2.306331e-07 
2.297859e-07 
2.289434e-07 
2.281056e-07 
2.272723e-07 
2.264435e-07 
2.256193e-07 
2.247996e-07 
1.359837e-06 
1.114475e-06 
9.216180e-07 
7.684112e-07 
6.455134e-07 
5.460444e-07 
4.648730e-07 
3.981275e-07 
3.428556e-07 
2.967839e-07 
2.581453e-07 
2.255547e-07 
1.979187e-07 
1.743666e-07 
1.542000e-07 
1.368554e-07 
1.218749e-07 
1.088848e-07 
9.757811e-08 
8.770129e-08 
7.904410e-08 
7.143120e-08 
6.471580e-08 
5.877444e-08 
5.350296e-08 
4.881311e-08 
4.462988e-08 
4.088924e-08 
3.753638e-08 
3.452423e-08 
3.181220e-08 
2.936525e-08 
2.715297e-08 
2.514894e-08 
2.333012e-08 
2.167640e-08 
2.017014e-08 
1.879586e-08 
1.753994e-08 
1.639034e-08 
1.533646e-08 
1.436890e-08 
1.347928e-08 
1.266017e-08 
1.190496e-08 
1.120774e-08 
1.056323e-08 
9.966708e-09 
9.413921e-09 
8.901059e-09 
8.424692e-09 
7.981727e-09 
7.569372e-09 
7.185104e-09 
6.826638e-09 
6.491903e-09 
6.179021e-09 
5.886282e-09 
5.612132e-09 
5.355155e-09 
5.114059e-09 
4.887658e-09 
4.674880e-09 
4.474737e-09 
4.286327e-09 
4.108817e-09 
3.941447e-09 
3.783517e-09 
3.634380e-09 
3.493445e-09 
3.360163e-09 
3.234031e-09 
3.114581e-09 
3.001382e-09 
2.894036e-09 
2.792174e-09 
2.695452e-09 
2.603555e-09 
2.516186e-09 
2.433072e-09 
2.353960e-09 
2.278613e-09 
2.206810e-09 
2.138346e-09 
2.073030e-09 
2.010683e-09 
1.951140e-09 
1.894244e-09 
1.839850e-09 
1.787821e-09 
1.738031e-09 
1.690359e-09 
1.644693e-09 
1.600929e-09 
1.558967e-09 
1.518715e-09 
1.480086e-09 
1.442998e-09 
1.407374e-09 
1.373142e-09 
1.340232e-09 
1.308581e-09 
1.278128e-09 
1.248816e-09 
1.220591e-09 
1.193401e-09 
1.167199e-09 
1.141939e-09 
1.117578e-09 
1.094074e-09 
1.071391e-09 
1.049490e-09 
1.028338e-09 
1.007901e-09 
9.881493e-10 
9.690522e-10 
9.505822e-10 
9.327126e-10 
9.154182e-10 
8.986751e-10 
8.824604e-10 
8.667525e-10 
8.515307e-10 
8.367754e-10 
8.224680e-10 
8.085906e-10 
7.951264e-10 
7.820591e-10 
7.693734e-10 
7.570545e-10 
7.450885e-10 
7.334618e-10 
7.221618e-10 
7.111765e-10 
7.004941e-10 
6.901037e-10 
6.799945e-10 
6.701564e-10 
6.605798e-10 
6.512553e-10 
6.421740e-10 
6.333274e-10 
6.247075e-10 
6.163062e-10 
6.081163e-10 
6.001304e-10 
5.923418e-10 
5.847438e-10 
5.773300e-10 
5.700945e-10 
5.630313e-10 
5.561350e-10 
5.494000e-10 
5.428212e-10 
5.363937e-10 
5.301126e-10 
5.239735e-10 
5.179718e-10 
5.121033e-10 
5.063640e-10 
5.007499e-10 
4.952572e-10 
4.898823e-10 
4.846216e-10 
4.794718e-10 
4.744296e-10 
4.694919e-10 
4.646556e-10 
4.599178e-10 
4.552758e-10 
4.507267e-10 
4.462679e-10 
4.418970e-10 
4.376115e-10 
4.334090e-10 
4.292872e-10 
4.252440e-10 
4.212772e-10 
4.173847e-10 
4.135646e-10 
4.098149e-10 
4.061341e-10 
4.025200e-10 
3.989710e-10 
3.954854e-10 
3.920615e-10 
3.886977e-10 
3.853926e-10 
3.821446e-10 
3.789524e-10 
3.758145e-10 
3.727295e-10 
3.696963e-10 
3.667136e-10 
3.637800e-10 
3.608945e-10 
3.580559e-10 
3.552630e-10 
3.525148e-10 
3.498103e-10 
3.471484e-10 
3.445281e-10 
3.419486e-10 
3.394087e-10 
3.369077e-10 
3.344447e-10 
3.320188e-10 
3.296293e-10 
3.272751e-10 
3.249557e-10 
3.226703e-10 
3.204180e-10 
3.181983e-10 
3.160103e-10 
3.138535e-10 
3.117271e-10 
3.096305e-10 
3.075631e-10 
3.055243e-10 
3.035135e-10 
3.015301e-10 
2.995735e-10 
2.976432e-10 
2.957388e-10 
2.938595e-10 
2.920051e-10 
2.901749e-10 
2.883684e-10 
2.865853e-10 
2.848251e-10 
2.830872e-10 
2.813714e-10 
2.796771e-10 
2.780040e-10 
2.763516e-10 
2.747196e-10 
2.731075e-10 
2.715151e-10 
2.699419e-10 
2.683876e-10 
2.668519e-10 
2.653344e-10 
2.638347e-10 
2.623526e-10 
2.608878e-10 
2.594399e-10 
2.580086e-10 
2.565937e-10 
2.551948e-10 
2.538117e-10 
2.524441e-10 
2.510918e-10 
2.497545e-10 
2.484319e-10 
2.471237e-10 
2.458298e-10 
2.445499e-10 
2.432837e-10 
2.420311e-10 
2.407918e-10 
2.395656e-10 
2.383523e-10 
2.371517e-10 
2.359635e-10 
2.347876e-10 
2.336238e-10 
2.324718e-10 
2.313316e-10 
2.302028e-10 
2.290854e-10 
2.279792e-10 
2.268839e-10 
2.257995e-10 
2.247257e-10 
2.236624e-10 
2.226094e-10 
2.215666e-10 
2.205339e-10 
2.195110e-10 
2.184978e-10 
2.174942e-10 
2.165000e-10 
2.155150e-10 
2.145393e-10 
2.135725e-10 
2.126147e-10 
2.116657e-10 
2.107253e-10 
2.097934e-10 
2.088700e-10 
2.079548e-10 
2.070478e-10 
2.061489e-10 
2.052579e-10 
2.043747e-10 
2.034993e-10 
2.026314e-10 
2.017711e-10 
2.009182e-10 
2.000727e-10 
1.992343e-10 
1.984030e-10 
1.975788e-10 
1.967615e-10 
1.959511e-10 
1.951473e-10 
1.943503e-10 
1.935598e-10 
1.927758e-10 
1.919982e-10 
1.912269e-10 
1.904619e-10 
1.897030e-10 
1.889502e-10 
1.882034e-10 
1.874626e-10 
1.867276e-10 
1.859984e-10 
1.852748e-10 
1.845570e-10 
1.838447e-10 
1.831379e-10 
1.824365e-10 
1.817405e-10 
1.810498e-10 
1.803644e-10 
1.796841e-10 
1.790090e-10 
1.783389e-10 
1.776738e-10 
1.770136e-10 
1.763584e-10 
1.757079e-10 
1.750622e-10 
1.744213e-10 
1.737850e-10 
1.731533e-10 
1.725261e-10 
1.719034e-10 
1.712852e-10 
1.706714e-10 
1.700620e-10 
1.694568e-10 
1.688559e-10 
1.682593e-10 
1.676667e-10 
1.670783e-10 
1.664940e-10 
1.659137e-10 
1.653373e-10 
1.647649e-10 
1.641964e-10 
1.636318e-10 
1.630710e-10 
1.625139e-10 
1.619606e-10 
1.614110e-10 
1.608650e-10 
1.603227e-10 
1.597839e-10 
1.592486e-10 
1.587169e-10 
1.581887e-10 
1.576638e-10 
1.571424e-10 
1.566244e-10 
1.561096e-10 
1.555982e-10 
1.550901e-10 
1.545851e-10 
1.540834e-10 
1.535848e-10 
1.530894e-10 
1.525971e-10 
1.521078e-10 
1.516216e-10 
1.511384e-10 
1.506582e-10 
1.501809e-10 
1.497066e-10 
1.492352e-10 
1.487667e-10 
1.483010e-10 
1.478382e-10 
1.473781e-10 
1.469208e-10 
1.464663e-10 
1.460144e-10 
1.455653e-10 
1.451188e-10 
1.446750e-10 
1.442337e-10 
1.437951e-10 
1.433590e-10 
1.429255e-10 
1.424945e-10 
1.420660e-10 
1.416399e-10 
1.412164e-10 
1.407952e-10 
1.403765e-10 
1.399601e-10 
1.395462e-10 
1.391345e-10 
1.387252e-10 
1.383182e-10 
1.379135e-10 
1.375111e-10 
1.371109e-10 
1.367129e-10 
1.363172e-10 
1.359236e-10 
1.355322e-10 
1.351430e-10 
1.347558e-10 
1.343708e-10 
1.339879e-10 
1.336071e-10 
1.332284e-10 
1.328517e-10 
1.324770e-10 
1.321043e-10 
1.317337e-10 
1.313650e-10 
1.309982e-10 
1.306335e-10 
1.302706e-10 
1.299097e-10 
1.295506e-10 
1.291935e-10 
1.288382e-10 
1.284848e-10 
1.281332e-10 
1.277834e-10 
1.274355e-10 
1.270893e-10 
1.267449e-10 
1.264023e-10 
1.260615e-10 
1.257224e-10 
1.253850e-10 
1.250493e-10 
1.247153e-10 
1.243830e-10 
1.240524e-10 
1.237235e-10 
1.233962e-10 
1.230705e-10 
1.227464e-10 
1.224240e-10 
1.221031e-10 
1.217839e-10 
1.214662e-10 
1.211501e-10 
1.208355e-10 
1.205225e-10 
1.202109e-10 
1.199010e-10 
1.195925e-10 
1.192855e-10 
1.189800e-10 
1.186759e-10 
1.183733e-10 
1.180722e-10 
1.177725e-10 
1.174742e-10 
1.171774e-10 
1.168819e-10 
1.165879e-10 
1.162953e-10 
1.160040e-10 
1.157141e-10 
1.154255e-10 
1.151383e-10 
1.148525e-10 
1.145679e-10 
1.142847e-10 
1.140028e-10 
1.137222e-10 
1.134429e-10 
1.131649e-10 
1.128881e-10 
1.126126e-10 
1.123384e-10 
1.120654e-10 
1.117936e-10 
1.115231e-10 
1.112538e-10 
1.109857e-10 
1.107188e-10 
1.104531e-10 
1.101886e-10 
1.099253e-10 
1.096631e-10 
1.094021e-10 
1.091423e-10 
1.088836e-10 
1.086261e-10 
1.083696e-10 
1.081144e-10 
1.078602e-10 
1.076071e-10 
1.073552e-10 
1.071043e-10 
1.068546e-10 
1.066059e-10 
1.063583e-10 
1.061117e-10 
1.058662e-10 
1.056218e-10 
1.053784e-10 
1.051361e-10 
1.048948e-10 
1.046545e-10 
1.044152e-10 
1.041769e-10 
1.039397e-10 
1.037034e-10 
1.034682e-10 
1.032339e-10 
1.030006e-10 
1.027683e-10 
1.025369e-10 
1.023065e-10 
1.020771e-10 
1.018486e-10 
1.016211e-10 
1.013945e-10 
1.011688e-10 
1.009441e-10 
1.007203e-10 
